1. 0.012279
2. 0.011558
3. 0.011583
4. 0.012109
5. 0.011564
6. 0.01152
7. 0.011516
8. 0.011562
9. 0.011505
10. 0.011466
11. 0.011504
12. 0.011566
13. 0.011515
14. 0.011891
15. 0.011431
16. 0.011483
17. 0.011471
18. 0.011565
19. 0.011441
20. 0.011479
21. 0.011446
22. 0.011544
23. 0.011487
24. 0.011509
25. 0.011471
26. 0.011484
27. 0.011458
28. 0.011892
29. 0.011505
30. 0.011517
31. 0.011515
32. 0.011518
33. 0.01153
34. 0.011542
35. 0.011536
36. 0.011496
37. 0.011647
38. 0.011576
39. 0.01234
40. 0.012072
41. 0.011741
42. 0.011734
43. 0.011924
44. 0.011517
45. 0.011472
46. 0.011479
47. 0.011462
48. 0.011488
49. 0.011497
50. 0.011512
51. 0.011485
52. 0.011462
53. 0.011767
54. 0.011473
55. 0.011416
56. 0.011516
57. 0.011475
58. 0.011449
59. 0.011421
60. 0.011455
61. 0.011418
62. 0.011493
63. 0.011441
64. 0.011464
65. 0.011428
66. 0.011472
67. 0.011517
68. 0.011558
69. 0.011467
70. 0.011481
71. 0.011469
72. 0.011478
73. 0.011468
74. 0.011469
75. 0.01153
76. 0.011452
77. 0.011468
78. 0.011473
79. 0.011549
80. 0.01147
81. 0.0115
82. 0.011462
83. 0.011717
84. 0.011806
85. 0.011489
86. 0.01149
87. 0.011874
88. 0.011482
89. 0.011487
90. 0.011484
91. 0.011503
92. 0.011545
93. 0.01184
94. 0.011476
95. 0.011501
96. 0.011509
97. 0.011451
98. 0.011505
99. 0.01151
100. 0.011462
