1. 0.135695
2. 0.135347
3. 0.135808
4. 0.136329
5. 0.135691
6. 0.135767
7. 0.133936
8. 0.134045
9. 0.133706
10. 0.134076
11. 0.136801
12. 0.134796
13. 0.133885
14. 0.135646
15. 0.137805
16. 0.134485
17. 0.134329
18. 0.133927
19. 0.135646
20. 0.134811
21. 0.146607
22. 0.137031
23. 0.133889
24. 0.134178
25. 0.133903
26. 0.133814
27. 0.133883
28. 0.133824
29. 0.133782
30. 0.133872
31. 0.133501
32. 0.133532
33. 0.133569
34. 0.133607
35. 0.143119
36. 0.133857
37. 0.133707
38. 0.133779
39. 0.133679
40. 0.133776
41. 0.133717
42. 0.133777
43. 0.13369
44. 0.134758
45. 0.133759
46. 0.134037
47. 0.133735
48. 0.13371
49. 0.133858
50. 0.134009
51. 0.134206
52. 0.134195
53. 0.134023
54. 0.133635
55. 0.13364
56. 0.133643
57. 0.133781
58. 0.1339
59. 0.134186
60. 0.134153
61. 0.133686
62. 0.134256
63. 0.13729
64. 0.139495
65. 0.135132
66. 0.133878
67. 0.134104
68. 0.134059
69. 0.136273
70. 0.134904
71. 0.135461
72. 0.133609
73. 0.135041
74. 0.138796
75. 0.14151
76. 0.137084
77. 0.135619
78. 0.134219
79. 0.135643
80. 0.133951
81. 0.134235
82. 0.133928
83. 0.134189
84. 0.140344
85. 0.135779
86. 0.134808
87. 0.135893
88. 0.135541
89. 0.13641
90. 0.136436
91. 0.13621
92. 0.134725
93. 0.135074
94. 0.136513
95. 0.13451
96. 0.171915
97. 0.168445
98. 0.14027
99. 0.14277
100. 0.1527
