1. 0.001312
2. 0.000974
3. 0.000966
4. 0.001351
5. 0.000989
6. 0.000941
7. 0.000942
8. 0.000941
9. 0.001007
10. 0.000942
11. 0.000982
12. 0.000941
13. 0.000942
14. 0.000941
15. 0.000977
16. 0.00102
17. 0.000975
18. 0.000974
19. 0.000973
20. 0.000941
21. 0.000941
22. 0.000942
23. 0.000975
24. 0.000942
25. 0.000995
26. 0.000943
27. 0.000946
28. 0.000941
29. 0.000942
30. 0.000949
31. 0.000952
32. 0.000948
33. 0.000963
34. 0.000941
35. 0.000941
36. 0.000997
37. 0.000941
38. 0.000965
39. 0.000947
40. 0.00094
41. 0.000949
42. 0.000955
43. 0.000943
44. 0.000968
45. 0.000968
46. 0.000946
47. 0.000962
48. 0.00095
49. 0.000942
50. 0.000942
51. 0.000942
52. 0.000942
53. 0.000997
54. 0.000942
55. 0.000969
56. 0.000963
57. 0.000965
58. 0.000943
59. 0.000943
60. 0.000942
61. 0.000942
62. 0.00097
63. 0.000962
64. 0.000987
65. 0.000941
66. 0.000942
67. 0.000943
68. 0.000975
69. 0.000941
70. 0.000962
71. 0.000946
72. 0.000941
73. 0.000968
74. 0.000941
75. 0.000941
76. 0.000942
77. 0.000942
78. 0.000945
79. 0.000941
80. 0.000948
81. 0.000942
82. 0.000941
83. 0.000942
84. 0.000941
85. 0.000941
86. 0.000942
87. 0.000949
88. 0.000942
89. 0.000944
90. 0.000954
91. 0.000941
92. 0.000943
93. 0.000963
94. 0.000942
95. 0.000942
96. 0.000964
97. 0.000943
98. 0.000999
99. 0.000942
100. 0.000943
