1. 0.007788
2. 0.005626
3. 0.005489
4. 0.005404
5. 0.005418
6. 0.007122
7. 0.007199
8. 0.005494
9. 0.005472
10. 0.005401
11. 0.005507
12. 0.005448
13. 0.005448
14. 0.005399
15. 0.005465
16. 0.005427
17. 0.005464
18. 0.005422
19. 0.006828
20. 0.005472
21. 0.005501
22. 0.006328
23. 0.006403
24. 0.005447
25. 0.005395
26. 0.005497
27. 0.005532
28. 0.005517
29. 0.005425
30. 0.005394
31. 0.005528
32. 0.005497
33. 0.005451
34. 0.005463
35. 0.005466
36. 0.005553
37. 0.005452
38. 0.005424
39. 0.00553
40. 0.005516
41. 0.005532
42. 0.005542
43. 0.005429
44. 0.005631
45. 0.005556
46. 0.00612
47. 0.005497
48. 0.005558
49. 0.005561
50. 0.005549
51. 0.005779
52. 0.005529
53. 0.005455
54. 0.005498
55. 0.005474
56. 0.005478
57. 0.005468
58. 0.005396
59. 0.005403
60. 0.005591
61. 0.00583
62. 0.005447
63. 0.005419
64. 0.005445
65. 0.005431
66. 0.005402
67. 0.005443
68. 0.005423
69. 0.005425
70. 0.005401
71. 0.005436
72. 0.005409
73. 0.005444
74. 0.005523
75. 0.005466
76. 0.005452
77. 0.005467
78. 0.005515
79. 0.005549
80. 0.005547
81. 0.005763
82. 0.005574
83. 0.005583
84. 0.005668
85. 0.00562
86. 0.006408
87. 0.00548
88. 0.005513
89. 0.005512
90. 0.005571
91. 0.005657
92. 0.005554
93. 0.005532
94. 0.005479
95. 0.005457
96. 0.005459
97. 0.005489
98. 0.005447
99. 0.005534
100. 0.005608
