1. 0.069368
2. 0.064038
3. 0.063895
4. 0.063915
5. 0.066044
6. 0.065104
7. 0.065228
8. 0.065182
9. 0.065792
10. 0.065056
11. 0.064697
12. 0.064298
13. 0.064117
14. 0.064549
15. 0.069702
16. 0.06584
17. 0.064778
18. 0.064123
19. 0.064782
20. 0.066244
21. 0.064568
22. 0.064305
23. 0.06457
24. 0.06552
25. 0.063967
26. 0.063821
27. 0.064516
28. 0.06398
29. 0.063887
30. 0.063974
31. 0.064828
32. 0.06414
33. 0.063749
34. 0.064079
35. 0.064089
36. 0.063867
37. 0.063826
38. 0.064242
39. 0.064006
40. 0.063829
41. 0.063869
42. 0.064266
43. 0.064003
44. 0.0657
45. 0.064049
46. 0.065487
47. 0.064114
48. 0.064795
49. 0.064209
50. 0.064564
51. 0.064076
52. 0.063903
53. 0.064285
54. 0.064054
55. 0.063929
56. 0.063929
57. 0.06451
58. 0.06404
59. 0.064145
60. 0.064065
61. 0.064352
62. 0.064028
63. 0.063827
64. 0.064202
65. 0.064377
66. 0.063869
67. 0.063871
68. 0.064169
69. 0.064095
70. 0.064429
71. 0.064511
72. 0.066171
73. 0.064601
74. 0.065011
75. 0.065071
76. 0.066638
77. 0.064218
78. 0.064682
79. 0.065406
80. 0.063947
81. 0.063904
82. 0.063857
83. 0.064265
84. 0.063977
85. 0.06392
86. 0.064057
87. 0.065029
88. 0.063926
89. 0.063975
90. 0.064018
91. 0.064177
92. 0.064103
93. 0.063888
94. 0.064313
95. 0.064104
96. 0.063935
97. 0.064517
98. 0.065545
99. 0.063941
100. 0.063871
