1. 0.132643
2. 0.131617
3. 0.131126
4. 0.132897
5. 0.131167
6. 0.131215
7. 0.130976
8. 0.131437
9. 0.13177
10. 0.131057
11. 0.131528
12. 0.131212
13. 0.131282
14. 0.130834
15. 0.131454
16. 0.13122
17. 0.13162
18. 0.131543
19. 0.131276
20. 0.131652
21. 0.131001
22. 0.131405
23. 0.131011
24. 0.131367
25. 0.132932
26. 0.131019
27. 0.132716
28. 0.13087
29. 0.131543
30. 0.130989
31. 0.131336
32. 0.132971
33. 0.131075
34. 0.132704
35. 0.131126
36. 0.131568
37. 0.130831
38. 0.13165
39. 0.132501
40. 0.131143
41. 0.132884
42. 0.131377
43. 0.131422
44. 0.130842
45. 0.131192
46. 0.13085
47. 0.131239
48. 0.131963
49. 0.130911
50. 0.131976
51. 0.130796
52. 0.131345
53. 0.130866
54. 0.131456
55. 0.131773
56. 0.131109
57. 0.131671
58. 0.130789
59. 0.131561
60. 0.131004
61. 0.131449
62. 0.131417
63. 0.130846
64. 0.131784
65. 0.131005
66. 0.131565
67. 0.130816
68. 0.131403
69. 0.130801
70. 0.133136
71. 0.131671
72. 0.131315
73. 0.132004
74. 0.131431
75. 0.132044
76. 0.131294
77. 0.131363
78. 0.131871
79. 0.131388
80. 0.133313
81. 0.132697
82. 0.13528
83. 0.130845
84. 0.131513
85. 0.133074
86. 0.131004
87. 0.132802
88. 0.131132
89. 0.13155
90. 0.130826
91. 0.131337
92. 0.13203
93. 0.131069
94. 0.131858
95. 0.131061
96. 0.13152
97. 0.13083
98. 0.131387
99. 0.131478
100. 0.131043
