1. 0.001371
2. 0.000975
3. 0.000998
4. 0.000974
5. 0.001241
6. 0.001313
7. 0.000971
8. 0.00098
9. 0.000985
10. 0.001044
11. 0.000997
12. 0.000991
13. 0.00097
14. 0.000972
15. 0.00097
16. 0.000974
17. 0.000972
18. 0.000971
19. 0.000975
20. 0.000971
21. 0.000996
22. 0.000971
23. 0.000972
24. 0.000971
25. 0.000972
26. 0.000979
27. 0.000971
28. 0.000971
29. 0.000992
30. 0.001001
31. 0.000975
32. 0.000993
33. 0.000973
34. 0.00097
35. 0.001238
36. 0.001017
37. 0.001017
38. 0.001046
39. 0.000997
40. 0.001003
41. 0.000971
42. 0.001006
43. 0.000974
44. 0.000979
45. 0.000971
46. 0.00097
47. 0.00097
48. 0.00097
49. 0.000977
50. 0.000971
51. 0.000975
52. 0.000971
53. 0.000971
54. 0.000998
55. 0.000973
56. 0.000976
57. 0.000972
58. 0.000972
59. 0.000975
60. 0.000972
61. 0.000975
62. 0.000994
63. 0.000999
64. 0.00097
65. 0.00097
66. 0.000977
67. 0.00097
68. 0.000973
69. 0.00097
70. 0.000972
71. 0.000974
72. 0.000972
73. 0.000971
74. 0.000972
75. 0.00099
76. 0.000978
77. 0.000971
78. 0.000995
79. 0.000972
80. 0.000971
81. 0.001037
82. 0.000981
83. 0.000972
84. 0.001
85. 0.000973
86. 0.000993
87. 0.000972
88. 0.000973
89. 0.00097
90. 0.000971
91. 0.000975
92. 0.000969
93. 0.000971
94. 0.000971
95. 0.000971
96. 0.000999
97. 0.000973
98. 0.000971
99. 0.00097
100. 0.001432
