1. 0.011788
2. 0.011568
3. 0.011587
4. 0.011583
5. 0.011668
6. 0.011617
7. 0.011679
8. 0.011551
9. 0.011583
10. 0.011551
11. 0.011572
12. 0.011572
13. 0.011588
14. 0.011651
15. 0.011574
16. 0.011546
17. 0.011556
18. 0.012534
19. 0.011571
20. 0.011576
21. 0.01158
22. 0.01157
23. 0.011652
24. 0.011569
25. 0.011545
26. 0.011544
27. 0.011541
28. 0.011561
29. 0.011533
30. 0.011552
31. 0.011612
32. 0.011563
33. 0.011559
34. 0.011574
35. 0.011596
36. 0.011564
37. 0.011942
38. 0.011595
39. 0.011571
40. 0.011567
41. 0.011674
42. 0.011548
43. 0.011572
44. 0.011565
45. 0.011575
46. 0.011569
47. 0.011575
48. 0.011578
49. 0.011575
50. 0.011596
51. 0.011582
52. 0.011574
53. 0.011596
54. 0.011607
55. 0.01172
56. 0.011712
57. 0.011715
58. 0.011604
59. 0.011547
60. 0.011687
61. 0.011599
62. 0.011627
63. 0.01161
64. 0.011661
65. 0.011583
66. 0.01158
67. 0.012776
68. 0.015564
69. 0.011607
70. 0.011568
71. 0.011599
72. 0.011632
73. 0.011562
74. 0.011649
75. 0.011682
76. 0.011586
77. 0.011565
78. 0.011694
79. 0.011549
80. 0.011569
81. 0.011583
82. 0.01158
83. 0.011563
84. 0.011604
85. 0.011565
86. 0.011565
87. 0.011625
88. 0.011592
89. 0.011583
90. 0.011601
91. 0.011562
92. 0.011597
93. 0.011851
94. 0.011559
95. 0.011558
96. 0.01156
97. 0.011625
98. 0.011583
99. 0.011584
100. 0.011578
