1. 0.065972
2. 0.064706
3. 0.065336
4. 0.063565
5. 0.063167
6. 0.063134
7. 0.077269
8. 0.063955
9. 0.06382
10. 0.063878
11. 0.06381
12. 0.063627
13. 0.062861
14. 0.068195
15. 0.064142
16. 0.063026
17. 0.062886
18. 0.06518
19. 0.063383
20. 0.062989
21. 0.06281
22. 0.062916
23. 0.062979
24. 0.062798
25. 0.0645
26. 0.06323
27. 0.062846
28. 0.062911
29. 0.062887
30. 0.063867
31. 0.062971
32. 0.064355
33. 0.063067
34. 0.062965
35. 0.062779
36. 0.064673
37. 0.063258
38. 0.0632
39. 0.06287
40. 0.062885
41. 0.062874
42. 0.063002
43. 0.064526
44. 0.063216
45. 0.06307
46. 0.062784
47. 0.062942
48. 0.063267
49. 0.062886
50. 0.062965
51. 0.063112
52. 0.062841
53. 0.062857
54. 0.063924
55. 0.06332
56. 0.062907
57. 0.062958
58. 0.062962
59. 0.062884
60. 0.062876
61. 0.065011
62. 0.063082
63. 0.063042
64. 0.062863
65. 0.062965
66. 0.063239
67. 0.062903
68. 0.062888
69. 0.062981
70. 0.062882
71. 0.062847
72. 0.064623
73. 0.063194
74. 0.062902
75. 0.06306
76. 0.062923
77. 0.062891
78. 0.062923
79. 0.064956
80. 0.062936
81. 0.062844
82. 0.062832
83. 0.06314
84. 0.063443
85. 0.062924
86. 0.062898
87. 0.06297
88. 0.06284
89. 0.062752
90. 0.064918
91. 0.063299
92. 0.062849
93. 0.062914
94. 0.062824
95. 0.062953
96. 0.062781
97. 0.065342
98. 0.063432
99. 0.062866
100. 0.063069
