1. 0.005836
2. 0.005684
3. 0.005595
4. 0.005584
5. 0.005607
6. 0.005552
7. 0.005605
8. 0.005575
9. 0.00567
10. 0.005595
11. 0.005622
12. 0.005576
13. 0.005559
14. 0.005559
15. 0.005594
16. 0.005582
17. 0.005584
18. 0.005594
19. 0.005579
20. 0.005608
21. 0.00555
22. 0.005602
23. 0.005597
24. 0.005574
25. 0.005575
26. 0.007577
27. 0.005628
28. 0.005598
29. 0.005575
30. 0.005554
31. 0.005597
32. 0.005573
33. 0.005572
34. 0.005574
35. 0.005571
36. 0.00561
37. 0.005611
38. 0.00558
39. 0.005552
40. 0.005578
41. 0.005596
42. 0.005577
43. 0.00561
44. 0.005547
45. 0.005595
46. 0.005594
47. 0.005568
48. 0.005577
49. 0.005576
50. 0.005568
51. 0.005639
52. 0.005575
53. 0.005579
54. 0.005581
55. 0.005554
56. 0.005589
57. 0.005578
58. 0.00575
59. 0.005591
60. 0.005562
61. 0.005561
62. 0.005556
63. 0.005562
64. 0.007014
65. 0.005594
66. 0.005598
67. 0.005555
68. 0.005584
69. 0.005555
70. 0.005582
71. 0.005576
72. 0.005554
73. 0.005555
74. 0.005551
75. 0.005562
76. 0.005577
77. 0.00555
78. 0.00556
79. 0.005582
80. 0.005571
81. 0.005551
82. 0.00555
83. 0.00556
84. 0.005573
85. 0.005574
86. 0.005556
87. 0.005579
88. 0.005553
89. 0.005589
90. 0.005575
91. 0.005595
92. 0.005574
93. 0.005577
94. 0.0056
95. 0.005577
96. 0.005573
97. 0.005629
98. 0.005574
99. 0.005572
100. 0.005579
