1. 0.258221
2. 0.251635
3. 0.250078
4. 0.251035
5. 0.251956
6. 0.252053
7. 0.252078
8. 0.250262
9. 0.251241
10. 0.252881
11. 0.251308
12. 0.251913
13. 0.249884
14. 0.251147
15. 0.251603
16. 0.251609
17. 0.250931
18. 0.250547
19. 0.251404
20. 0.25156
21. 0.252103
22. 0.251229
23. 0.250631
24. 0.25057
25. 0.251017
26. 0.25153
27. 0.250795
28. 0.250236
29. 0.250272
30. 0.250874
31. 0.251871
32. 0.250953
33. 0.251915
34. 0.250546
35. 0.251144
36. 0.252933
37. 0.252804
38. 0.251946
39. 0.250093
40. 0.251271
41. 0.264223
42. 0.253254
43. 0.252784
44. 0.250537
45. 0.250814
46. 0.251022
47. 0.253697
48. 0.252415
49. 0.250466
50. 0.250641
51. 0.25132
52. 0.254104
53. 0.252847
54. 0.251409
55. 0.25042
56. 0.251209
57. 0.254181
58. 0.253393
59. 0.251352
60. 0.250732
61. 0.251552
62. 0.252011
63. 0.252949
64. 0.252633
65. 0.25055
66. 0.252356
67. 0.251559
68. 0.255801
69. 0.252772
70. 0.262756
71. 0.252126
72. 0.251211
73. 0.253401
74. 0.251572
75. 0.252247
76. 0.250723
77. 0.251486
78. 0.252862
79. 0.252149
80. 0.252485
81. 0.251121
82. 0.251945
83. 0.252036
84. 0.252627
85. 0.253023
86. 0.250728
87. 0.250842
88. 0.251775
89. 0.253772
90. 0.252853
91. 0.252578
92. 0.250541
93. 0.251776
94. 0.252082
95. 0.252532
96. 0.25116
97. 0.250836
98. 0.2513
99. 0.253015
100. 0.253353
