1. 0.021432
2. 0.021208
3. 0.021674
4. 0.021349
5. 0.02124
6. 0.021204
7. 0.021247
8. 0.021179
9. 0.021185
10. 0.021122
11. 0.021121
12. 0.021181
13. 0.021203
14. 0.021447
15. 0.021243
16. 0.021172
17. 0.021183
18. 0.021227
19. 0.021161
20. 0.021166
21. 0.021229
22. 0.021224
23. 0.02113
24. 0.021228
25. 0.021155
26. 0.021178
27. 0.021204
28. 0.021216
29. 0.021193
30. 0.021187
31. 0.02122
32. 0.021233
33. 0.021173
34. 0.021164
35. 0.021202
36. 0.021185
37. 0.021128
38. 0.021205
39. 0.021158
40. 0.021212
41. 0.021801
42. 0.021205
43. 0.021129
44. 0.021209
45. 0.021248
46. 0.021219
47. 0.021172
48. 0.021141
49. 0.021342
50. 0.021155
51. 0.021271
52. 0.021206
53. 0.021628
54. 0.021134
55. 0.02279
56. 0.021174
57. 0.021178
58. 0.02121
59. 0.021192
60. 0.02122
61. 0.021126
62. 0.02115
63. 0.021246
64. 0.021198
65. 0.021107
66. 0.021236
67. 0.021606
68. 0.021217
69. 0.021378
70. 0.021182
71. 0.02117
72. 0.021654
73. 0.021142
74. 0.021181
75. 0.021156
76. 0.021188
77. 0.021284
78. 0.021146
79. 0.02127
80. 0.021191
81. 0.021205
82. 0.021184
83. 0.021317
84. 0.021237
85. 0.021138
86. 0.021252
87. 0.021208
88. 0.021185
89. 0.021152
90. 0.021169
91. 0.021182
92. 0.021136
93. 0.021188
94. 0.021175
95. 0.021198
96. 0.021788
97. 0.021295
98. 0.021164
99. 0.021192
100. 0.021285
