1. 0.006858
2. 0.001801
3. 0.001752
4. 0.001795
5. 0.001765
6. 0.001775
7. 0.001799
8. 0.001754
9. 0.001754
10. 0.00177
11. 0.001781
12. 0.001757
13. 0.001777
14. 0.001769
15. 0.001762
16. 0.001775
17. 0.001756
18. 0.00175
19. 0.001787
20. 0.001781
21. 0.001778
22. 0.001789
23. 0.001761
24. 0.001775
25. 0.001762
26. 0.001774
27. 0.001753
28. 0.00175
29. 0.00179
30. 0.001787
31. 0.001788
32. 0.001753
33. 0.001764
34. 0.001779
35. 0.001763
36. 0.001803
37. 0.00175
38. 0.001763
39. 0.001788
40. 0.001764
41. 0.001758
42. 0.001763
43. 0.00176
44. 0.001799
45. 0.00176
46. 0.001755
47. 0.001753
48. 0.001779
49. 0.001783
50. 0.001765
51. 0.001759
52. 0.001754
53. 0.001777
54. 0.001786
55. 0.001778
56. 0.001754
57. 0.001765
58. 0.001753
59. 0.001807
60. 0.001805
61. 0.001779
62. 0.001766
63. 0.001757
64. 0.001808
65. 0.001764
66. 0.001762
67. 0.001763
68. 0.001763
69. 0.001783
70. 0.001794
71. 0.001765
72. 0.001789
73. 0.001757
74. 0.001787
75. 0.001761
76. 0.001775
77. 0.001753
78. 0.001763
79. 0.00177
80. 0.001762
81. 0.001757
82. 0.00175
83. 0.001764
84. 0.00177
85. 0.002049
86. 0.001764
87. 0.001764
88. 0.001755
89. 0.001784
90. 0.001761
91. 0.001787
92. 0.001774
93. 0.001766
94. 0.001759
95. 0.001798
96. 0.00176
97. 0.001755
98. 0.001764
99. 0.001767
100. 0.001754
