1. 0.122454
2. 0.122171
3. 0.122597
4. 0.121899
5. 0.130367
6. 0.122011
7. 0.121781
8. 0.123768
9. 0.121897
10. 0.121714
11. 0.12191
12. 0.12169
13. 0.122263
14. 0.121743
15. 0.121486
16. 0.121849
17. 0.121836
18. 0.122684
19. 0.121999
20. 0.121625
21. 0.122144
22. 0.121783
23. 0.123283
24. 0.121899
25. 0.121571
26. 0.12247
27. 0.121763
28. 0.122166
29. 0.121903
30. 0.12154
31. 0.122749
32. 0.121671
33. 0.122249
34. 0.122404
35. 0.121575
36. 0.122709
37. 0.121751
38. 0.122152
39. 0.122213
40. 0.121609
41. 0.122169
42. 0.121751
43. 0.121671
44. 0.121909
45. 0.121585
46. 0.122144
47. 0.121905
48. 0.121655
49. 0.121943
50. 0.12161
51. 0.122364
52. 0.121825
53. 0.121554
54. 0.122043
55. 0.121601
56. 0.122763
57. 0.121697
58. 0.121612
59. 0.122188
60. 0.12168
61. 0.122497
62. 0.121646
63. 0.121715
64. 0.122373
65. 0.121868
66. 0.122294
67. 0.122597
68. 0.121588
69. 0.123216
70. 0.121782
71. 0.123115
72. 0.12211
73. 0.121604
74. 0.123889
75. 0.121772
76. 0.121781
77. 0.122063
78. 0.121615
79. 0.122416
80. 0.121743
81. 0.121698
82. 0.12208
83. 0.12274
84. 0.123342
85. 0.121904
86. 0.121724
87. 0.122067
88. 0.121565
89. 0.125322
90. 0.126454
91. 0.121851
92. 0.125032
93. 0.126495
94. 0.134415
95. 0.127408
96. 0.124429
97. 0.124145
98. 0.121597
99. 0.122142
100. 0.123031
