1. 0.010014
2. 0.009979
3. 0.009979
4. 0.010028
5. 0.009985
6. 0.010226
7. 0.010167
8. 0.01014
9. 0.010053
10. 0.010043
11. 0.010063
12. 0.010051
13. 0.010376
14. 0.010123
15. 0.010046
16. 0.010026
17. 0.010099
18. 0.01006
19. 0.010028
20. 0.010116
21. 0.010059
22. 0.009995
23. 0.010003
24. 0.010051
25. 0.009973
26. 0.009994
27. 0.010014
28. 0.009978
29. 0.009996
30. 0.010065
31. 0.009985
32. 0.01026
33. 0.010028
34. 0.01011
35. 0.010064
36. 0.009991
37. 0.010006
38. 0.010085
39. 0.010042
40. 0.010048
41. 0.010254
42. 0.010103
43. 0.010016
44. 0.010084
45. 0.010014
46. 0.009997
47. 0.010049
48. 0.01006
49. 0.010086
50. 0.010065
51. 0.009991
52. 0.010034
53. 0.010039
54. 0.01
55. 0.01
56. 0.009974
57. 0.009972
58. 0.009991
59. 0.010003
60. 0.009999
61. 0.01003
62. 0.009988
63. 0.01001
64. 0.009996
65. 0.01
66. 0.010029
67. 0.010124
68. 0.010009
69. 0.009986
70. 0.010668
71. 0.010038
72. 0.010006
73. 0.010017
74. 0.010019
75. 0.009994
76. 0.009996
77. 0.010112
78. 0.010011
79. 0.010028
80. 0.009975
81. 0.010068
82. 0.010015
83. 0.009981
84. 0.010021
85. 0.009996
86. 0.009974
87. 0.010026
88. 0.009995
89. 0.010206
90. 0.010135
91. 0.010002
92. 0.010125
93. 0.009987
94. 0.010028
95. 0.010092
96. 0.01004
97. 0.010038
98. 0.010103
99. 0.010052
100. 0.010047
