1. 0.346539
2. 0.355241
3. 0.367417
4. 0.357109
5. 0.389295
6. 0.360744
7. 0.35627
8. 0.354865
9. 0.414732
10. 0.411019
11. 0.37868
12. 0.350545
13. 0.354004
14. 0.355712
15. 0.356596
16. 0.40553
17. 0.369259
18. 0.354438
19. 0.362441
20. 0.3461
21. 0.345549
22. 0.34622
23. 0.344965
24. 0.346362
25. 0.344646
26. 0.344374
27. 0.345859
28. 0.344533
29. 0.346422
30. 0.347474
31. 0.344727
32. 0.345656
33. 0.344592
34. 0.346258
35. 0.346049
36. 0.344624
37. 0.350519
38. 0.357778
39. 0.364615
40. 0.350719
41. 0.359197
42. 0.384341
43. 0.358093
44. 0.360688
45. 0.38187
46. 0.370984
47. 0.368112
48. 0.35916
49. 0.35249
50. 0.396226
51. 0.353639
52. 0.346572
53. 0.347352
54. 0.349249
55. 0.347508
56. 0.346362
57. 0.347322
58. 0.347494
59. 0.347452
60. 0.347552
61. 0.345827
62. 0.347682
63. 0.34739
64. 0.346492
65. 0.346619
66. 0.360133
67. 0.350507
68. 0.369794
69. 0.366536
70. 0.349517
71. 0.354203
72. 0.392475
73. 0.355021
74. 0.363491
75. 0.380687
76. 0.373837
77. 0.353465
78. 0.350568
79. 0.408563
80. 0.421726
81. 0.365309
82. 0.35445
83. 0.380029
84. 0.391374
85. 0.377785
86. 0.35842
87. 0.351651
88. 0.390644
89. 0.360528
90. 0.347182
91. 0.348358
92. 0.350661
93. 0.34834
94. 0.348698
95. 0.347843
96. 0.347271
97. 0.349223
98. 0.348049
99. 0.348798
100. 0.349701
