1. 8.52816
2. 8.51032
3. 8.50921
4. 8.48646
5. 8.84606
6. 9.99953
7. 8.54633
8. 8.56297
9. 8.50097
10. 8.50438
11. 8.52997
12. 8.50864
13. 8.55908
14. 8.51326
15. 8.5185
16. 8.47281
17. 8.46994
18. 8.50739
19. 8.50367
20. 8.53306
21. 8.66325
22. 8.51982
23. 8.47683
24. 8.46874
25. 8.53043
26. 8.48487
27. 8.50051
28. 8.58279
29. 8.4751
30. 8.52922
31. 8.46661
32. 8.54115
33. 8.51565
34. 8.5026
35. 8.48187
36. 8.47876
37. 8.51658
38. 8.51748
39. 8.53604
40. 8.50005
41. 8.4934
42. 8.5989
43. 8.56173
44. 8.52962
45. 8.49463
46. 8.51333
47. 8.47737
48. 8.65335
49. 8.59423
50. 8.57456
51. 8.4965
52. 8.47093
53. 8.50345
54. 8.4709
55. 8.48233
56. 8.47101
57. 8.45086
58. 8.53529
59. 8.47266
60. 8.47974
61. 8.48407
62. 8.52216
63. 8.5059
64. 8.48037
65. 8.47471
66. 8.50615
67. 8.54448
68. 0.015175
69. 8.53614
70. 8.49733
71. 8.53878
72. 8.50889
73. 8.50042
74. 8.51626
75. 8.50144
76. 8.47185
77. 8.4937
78. 8.47302
79. 8.49681
80. 8.548
81. 8.53041
82. 8.5604
83. 8.51943
84. 8.50399
85. 8.6016
86. 8.53229
87. 0.014953
88. 8.54382
89. 8.77858
90. 8.49986
91. 8.51886
92. 8.49587
93. 8.52884
94. 8.42938
95. 8.53891
96. 8.4702
97. 8.55638
98. 8.48076
99. 8.47985
100. 8.48898
