1. 0.109448
2. 0.087635
3. 0.089655
4. 0.087717
5. 0.092258
6. 0.087431
7. 0.0884
8. 0.086805
9. 0.088114
10. 0.088878
11. 0.094274
12. 0.088515
13. 0.088854
14. 0.088864
15. 0.089471
16. 0.092049
17. 0.090273
18. 0.090856
19. 0.092737
20. 0.090247
21. 0.087177
22. 0.091179
23. 0.087568
24. 0.088198
25. 0.09494
26. 0.11319
27. 0.09218
28. 0.089972
29. 0.08962
30. 0.088726
31. 0.002234
32. 0.086871
33. 0.086809
34. 0.100559
35. 0.091032
36. 0.087882
37. 0.088052
38. 0.087611
39. 0.090208
40. 0.09158
41. 0.087287
42. 0.088668
43. 0.087177
44. 0.085739
45. 0.090565
46. 0.087042
47. 0.087826
48. 0.111372
49. 0.09421
50. 0.097076
51. 0.087831
52. 0.087664
53. 0.088853
54. 0.088178
55. 0.086665
56. 0.085946
57. 0.086892
58. 0.087445
59. 0.089262
60. 0.088416
61. 0.087922
62. 0.086571
63. 0.087188
64. 0.002187
65. 0.086732
66. 0.085775
67. 0.087213
68. 0.086026
69. 0.086087
70. 0.087143
71. 0.086722
72. 0.086329
73. 0.087474
74. 0.085606
75. 0.08768
76. 0.087434
77. 0.085919
78. 0.086231
79. 0.086898
80. 0.087114
81. 0.087728
82. 0.086736
83. 0.088129
84. 0.087416
85. 0.087173
86. 0.088029
87. 0.086038
88. 0.085882
89. 0.087403
90. 0.087729
91. 0.087404
92. 0.086201
93. 0.086947
94. 0.086066
95. 0.086723
96. 0.091387
97. 0.092501
98. 0.088167
99. 0.087685
100. 0.087902
