1. 2.1453
2. 2.14631
3. 2.16107
4. 2.15588
5. 2.16207
6. 2.14886
7. 2.17176
8. 2.20942
9. 2.22897
10. 2.181
11. 2.18783
12. 2.12753
13. 2.14506
14. 2.16209
15. 2.16168
16. 2.36135
17. 2.19033
18. 2.19578
19. 2.13616
20. 2.14376
21. 2.14529
22. 2.15775
23. 2.14706
24. 2.14729
25. 2.24342
26. 2.22699
27. 2.12782
28. 2.27885
29. 2.23886
30. 2.16094
31. 2.23263
32. 2.21138
33. 2.20652
34. 2.29468
35. 2.21663
36. 2.31776
37. 2.23837
38. 2.22004
39. 2.20443
40. 2.15819
41. 2.20808
42. 2.16436
43. 2.20231
44. 2.23687
45. 2.23947
46. 2.23173
47. 2.24616
48. 2.23968
49. 2.21808
50. 2.24697
51. 2.25779
52. 2.32819
53. 2.22702
54. 2.3261
55. 2.19621
56. 2.25464
57. 2.20666
58. 2.35937
59. 2.26022
60. 2.12727
61. 2.1316
62. 2.18024
63. 2.30542
64. 2.24635
65. 2.39817
66. 2.17807
67. 2.21049
68. 2.19838
69. 2.1624
70. 2.17807
71. 2.22717
72. 2.14793
73. 2.38208
74. 2.14077
75. 2.13105
76. 2.13928
77. 2.14181
78. 2.19022
79. 2.19911
80. 2.16604
81. 2.27792
82. 2.15289
83. 2.18771
84. 2.25636
85. 2.20674
86. 2.12371
87. 2.12987
88. 2.12261
89. 2.12654
90. 2.12037
91. 2.13479
92. 2.13084
93. 2.11704
94. 2.11155
95. 2.11881
96. 2.11421
97. 2.15086
98. 2.17468
99. 2.20099
100. 2.12123
