1. 0.163484
2. 0.168459
3. 0.163999
4. 0.16453
5. 0.162609
6. 0.163206
7. 0.163502
8. 0.162043
9. 0.163278
10. 0.163307
11. 0.163219
12. 0.163245
13. 0.163051
14. 0.163658
15. 0.162882
16. 0.162933
17. 0.162702
18. 0.162849
19. 0.162405
20. 0.164336
21. 0.162532
22. 0.163137
23. 0.162936
24. 0.162332
25. 0.164667
26. 0.164285
27. 0.162181
28. 0.164439
29. 0.162109
30. 0.163461
31. 0.164087
32. 0.162965
33. 0.162936
34. 0.162124
35. 0.163352
36. 0.164088
37. 0.161978
38. 0.162846
39. 0.162922
40. 0.162167
41. 0.161998
42. 0.163171
43. 0.162634
44. 0.163635
45. 0.162831
46. 0.162843
47. 0.163942
48. 0.163059
49. 0.162829
50. 0.163184
51. 0.162831
52. 0.163822
53. 0.162959
54. 0.162626
55. 0.164133
56. 0.074663
57. 0.162316
58. 0.163884
59. 0.163474
60. 0.163098
61. 0.164262
62. 0.162237
63. 0.16256
64. 0.163787
65. 0.16252
66. 0.163442
67. 0.163519
68. 0.163292
69. 0.165835
70. 0.164045
71. 0.163291
72. 0.163949
73. 0.16358
74. 0.164571
75. 0.163125
76. 0.162586
77. 0.165178
78. 0.163014
79. 0.162332
80. 0.164522
81. 0.163194
82. 0.163486
83. 0.163482
84. 0.165182
85. 0.165403
86. 0.075633
87. 0.161448
88. 0.163622
89. 0.163389
90. 0.1628
91. 0.164475
92. 0.163809
93. 0.162694
94. 0.075738
95. 0.163155
96. 0.163532
97. 0.165712
98. 0.162789
99. 0.163477
100. 0.164225
