1. 0.015792
2. 0.015863
3. 0.015678
4. 0.015971
5. 0.018295
6. 0.017289
7. 0.015937
8. 0.015839
9. 0.015705
10. 0.016007
11. 0.015782
12. 0.015995
13. 0.015728
14. 0.015744
15. 0.016226
16. 0.017216
17. 0.016721
18. 0.015754
19. 0.01527
20. 0.015977
21. 0.015871
22. 0.015978
23. 0.015661
24. 0.015967
25. 0.015696
26. 0.015625
27. 0.018345
28. 0.015771
29. 0.016159
30. 0.016076
31. 0.016073
32. 0.016
33. 0.016029
34. 0.01554
35. 0.015729
36. 0.016111
37. 0.01708
38. 0.016166
39. 0.016241
40. 0.015791
41. 0.016304
42. 0.015507
43. 0.015765
44. 0.016571
45. 0.016417
46. 0.01662
47. 0.015635
48. 0.015454
49. 0.015476
50. 0.016085
51. 0.01584
52. 0.015361
53. 0.015856
54. 0.015439
55. 0.014982
56. 0.015414
57. 0.01556
58. 0.016058
59. 0.016251
60. 0.01586
61. 0.015558
62. 0.015892
63. 0.015707
64. 0.01626
65. 0.015984
66. 0.015705
67. 0.016617
68. 0.015915
69. 0.015768
70. 0.016313
71. 0.015971
72. 0.015237
73. 0.016234
74. 0.015599
75. 0.015625
76. 0.015809
77. 0.015847
78. 0.015656
79. 0.016316
80. 0.01567
81. 0.019256
82. 0.018542
83. 0.018654
84. 0.018553
85. 0.01576
86. 0.015957
87. 0.015732
88. 0.016607
89. 0.015897
90. 0.016977
91. 0.015761
92. 0.015589
93. 0.01646
94. 0.015366
95. 0.016076
96. 0.015777
97. 0.015643
98. 0.01595
99. 0.016077
100. 0.016686
