1. 0.001746
2. 0.001842
3. 0.001659
4. 0.001628
5. 0.001706
6. 0.001761
7. 0.001628
8. 0.001673
9. 0.001677
10. 0.001776
11. 0.001814
12. 0.001712
13. 0.00174
14. 0.001665
15. 0.001679
16. 0.001771
17. 0.001679
18. 0.00169
19. 0.001941
20. 0.00174
21. 0.001771
22. 0.001717
23. 0.001682
24. 0.001682
25. 0.001665
26. 0.001791
27. 0.001773
28. 0.001722
29. 0.001675
30. 0.001635
31. 0.001745
32. 0.001712
33. 0.001813
34. 0.001781
35. 0.001795
36. 0.001728
37. 0.001728
38. 0.001701
39. 0.001751
40. 0.001702
41. 0.001746
42. 0.001776
43. 0.001757
44. 0.00168
45. 0.001635
46. 0.001643
47. 0.001671
48. 0.001752
49. 0.001736
50. 0.001632
51. 0.001771
52. 0.001767
53. 0.00164
54. 0.001725
55. 0.001856
56. 0.001638
57. 0.001598
58. 0.001726
59. 0.00176
60. 0.001646
61. 0.001704
62. 0.001671
63. 0.001652
64. 0.001624
65. 0.001747
66. 0.001731
67. 0.001633
68. 0.00167
69. 0.001787
70. 0.001654
71. 0.00179
72. 0.001777
73. 0.001726
74. 0.001686
75. 0.001689
76. 0.001683
77. 0.001741
78. 0.001718
79. 0.001657
80. 0.001724
81. 0.00166
82. 0.001698
83. 0.001683
84. 0.001634
85. 0.001696
86. 0.001714
87. 0.001841
88. 0.001695
89. 0.001685
90. 0.001758
91. 0.001665
92. 0.001718
93. 0.001706
94. 0.001616
95. 0.001624
96. 0.001869
97. 0.00185
98. 0.001754
99. 0.00165
100. 0.001694
