1. 0.161337
2. 0.161171
3. 0.164847
4. 0.157061
5. 0.167967
6. 0.156896
7. 0.167461
8. 0.154638
9. 0.15406
10. 0.153651
11. 0.155548
12. 0.15655
13. 0.157888
14. 0.157036
15. 0.156995
16. 0.158982
17. 0.154705
18. 0.152584
19. 0.156505
20. 0.159924
21. 0.153858
22. 0.155622
23. 0.153641
24. 0.152748
25. 0.154196
26. 0.15318
27. 0.155335
28. 0.154005
29. 0.158639
30. 0.15779
31. 0.157363
32. 0.157352
33. 0.161458
34. 0.153253
35. 0.159441
36. 0.161884
37. 0.157486
38. 0.157946
39. 0.156626
40. 0.159119
41. 0.158327
42. 0.154745
43. 0.159684
44. 0.153507
45. 0.158741
46. 0.151427
47. 0.158936
48. 0.160196
49. 0.154445
50. 0.163106
51. 0.153384
52. 0.15439
53. 0.151956
54. 0.157165
55. 0.159963
56. 0.16466
57. 0.155895
58. 0.154986
59. 0.155375
60. 0.15769
61. 0.15281
62. 0.158782
63. 0.172387
64. 0.16067
65. 0.173843
66. 0.159693
67. 0.165873
68. 0.162444
69. 0.158827
70. 0.159292
71. 0.160222
72. 0.155129
73. 0.16002
74. 0.165701
75. 0.163207
76. 0.165478
77. 0.162628
78. 0.157069
79. 0.155551
80. 0.156421
81. 0.160441
82. 0.156223
83. 0.154451
84. 0.158041
85. 0.15746
86. 0.157212
87. 0.154461
88. 0.15766
89. 0.157187
90. 0.155789
91. 0.155372
92. 0.152688
93. 0.161148
94. 0.157265
95. 0.155123
96. 0.15732
97. 0.15774
98. 0.160557
99. 0.159876
100. 0.154621
