1. 0.078695
2. 0.078137
3. 0.07722
4. 0.076819
5. 0.075358
6. 0.075295
7. 0.078597
8. 0.078472
9. 0.077099
10. 0.076184
11. 0.077771
12. 0.075411
13. 0.07632
14. 0.076146
15. 0.077019
16. 0.077902
17. 0.081262
18. 0.076835
19. 0.080405
20. 0.080052
21. 0.082361
22. 0.075893
23. 0.078362
24. 0.077256
25. 0.078931
26. 0.076928
27. 0.078235
28. 0.079947
29. 0.07656
30. 0.078609
31. 0.078504
32. 0.075856
33. 0.078541
34. 0.07679
35. 0.075411
36. 0.079568
37. 0.079406
38. 0.077408
39. 0.076674
40. 0.079376
41. 0.079837
42. 0.078293
43. 0.07632
44. 0.079617
45. 0.079472
46. 0.080065
47. 0.07754
48. 0.079376
49. 0.076109
50. 0.075589
51. 0.076632
52. 0.077363
53. 0.080751
54. 0.076429
55. 0.076108
56. 0.080847
57. 0.077359
58. 0.077212
59. 0.079221
60. 0.078341
61. 0.076839
62. 0.077854
63. 0.07856
64. 0.07906
65. 0.082711
66. 0.079819
67. 0.077876
68. 0.078608
69. 0.077591
70. 0.077771
71. 0.07729
72. 0.077735
73. 0.080137
74. 0.077139
75. 0.076941
76. 0.077582
77. 0.076657
78. 0.076467
79. 0.076408
80. 0.079619
81. 0.079303
82. 0.076447
83. 0.078413
84. 0.077951
85. 0.075698
86. 0.080013
87. 0.07589
88. 0.07766
89. 0.076518
90. 0.0774
91. 0.078782
92. 0.07679
93. 0.075944
94. 0.079885
95. 0.079596
96. 0.077237
97. 0.079758
98. 0.076969
99. 0.07821
100. 0.076803
