1. 0.007785
2. 0.008061
3. 0.007728
4. 0.008231
5. 0.009168
6. 0.009057
7. 0.007908
8. 0.0079
9. 0.007972
10. 0.007756
11. 0.007881
12. 0.007815
13. 0.008046
14. 0.007882
15. 0.007629
16. 0.0081
17. 0.008626
18. 0.008718
19. 0.007703
20. 0.007986
21. 0.00796
22. 0.007512
23. 0.007606
24. 0.007986
25. 0.008382
26. 0.007894
27. 0.007846
28. 0.007926
29. 0.007789
30. 0.008792
31. 0.007818
32. 0.007805
33. 0.007892
34. 0.007869
35. 0.007715
36. 0.007701
37. 0.007963
38. 0.008343
39. 0.009052
40. 0.008255
41. 0.007878
42. 0.007687
43. 0.008007
44. 0.008335
45. 0.007678
46. 0.007646
47. 0.008299
48. 0.007662
49. 0.008028
50. 0.007767
51. 0.008127
52. 0.007783
53. 0.00841
54. 0.007785
55. 0.007812
56. 0.007771
57. 0.008325
58. 0.008007
59. 0.007844
60. 0.008022
61. 0.009313
62. 0.009028
63. 0.008125
64. 0.007696
65. 0.007927
66. 0.008849
67. 0.007602
68. 0.007684
69. 0.007897
70. 0.008305
71. 0.007898
72. 0.007934
73. 0.007838
74. 0.00813
75. 0.007727
76. 0.008187
77. 0.007604
78. 0.008335
79. 0.008664
80. 0.00835
81. 0.009135
82. 0.007764
83. 0.008129
84. 0.009325
85. 0.007968
86. 0.008058
87. 0.008749
88. 0.008611
89. 0.007779
90. 0.008013
91. 0.00781
92. 0.007887
93. 0.008087
94. 0.007969
95. 0.007871
96. 0.00819
97. 0.007782
98. 0.007805
99. 0.008157
100. 0.007813
