1. 0.094511
2. 0.093504
3. 0.093702
4. 0.094119
5. 0.095312
6. 0.092927
7. 0.092776
8. 0.092725
9. 0.094232
10. 0.094101
11. 0.093005
12. 0.093644
13. 0.09249
14. 0.093823
15. 0.093709
16. 0.094018
17. 0.09306
18. 0.092415
19. 0.09272
20. 0.093181
21. 0.094646
22. 0.092557
23. 0.092923
24. 0.093791
25. 0.093296
26. 0.094756
27. 0.094027
28. 0.092515
29. 0.092565
30. 0.093166
31. 0.093538
32. 0.092899
33. 0.093054
34. 0.093116
35. 0.093248
36. 0.094083
37. 0.094304
38. 0.093347
39. 0.094315
40. 0.093132
41. 0.093468
42. 0.095137
43. 0.092923
44. 0.093855
45. 0.093091
46. 0.095028
47. 0.09484
48. 0.093196
49. 0.093061
50. 0.092872
51. 0.093158
52. 0.09445
53. 0.093011
54. 0.093901
55. 0.092512
56. 0.092638
57. 0.094048
58. 0.094304
59. 0.093586
60. 0.092753
61. 0.093234
62. 0.094121
63. 0.094517
64. 0.092752
65. 0.093278
66. 0.092532
67. 0.093979
68. 0.094817
69. 0.093814
70. 0.093963
71. 0.093269
72. 0.092625
73. 0.093913
74. 0.094809
75. 0.093378
76. 0.092645
77. 0.092046
78. 0.093978
79. 0.094418
80. 0.09304
81. 0.092533
82. 0.094047
83. 0.092783
84. 0.094847
85. 0.093328
86. 0.093313
87. 0.092309
88. 0.092534
89. 0.093914
90. 0.093745
91. 0.093664
92. 0.092264
93. 0.093089
94. 0.093062
95. 0.094364
96. 0.092938
97. 0.093826
98. 0.093764
99. 0.094989
100. 0.093787
