1. 51.0436
2. 50.7613
3. 50.5495
4. 50.8174
5. 50.7933
6. 50.5903
7. 50.8195
8. 50.926
9. 50.6502
10. 50.5864
11. 50.4928
12. 50.8358
13. 50.6685
14. 50.5869
15. 50.4719
16. 50.9616
17. 50.8123
18. 50.7232
19. 50.8355
20. 50.3963
21. 50.68
22. 51.0786
23. 50.7445
24. 50.6102
25. 50.6004
26. 50.535
27. 50.2866
28. 50.7305
29. 51.047
30. 50.2333
31. 50.7213
32. 50.7436
33. 50.8732
34. 50.6586
35. 50.5862
36. 50.5686
37. 50.6147
38. 50.7065
39. 50.4482
40. 50.6334
41. 50.6189
42. 50.5076
43. 51.0617
44. 50.6163
45. 50.9778
46. 50.7346
47. 50.548
48. 50.8041
49. 50.644
50. 50.1769
51. 50.7251
52. 50.4189
53. 50.6852
54. 50.7
55. 50.5708
56. 50.3577
57. 50.8066
58. 50.9703
59. 50.5942
60. 50.1594
61. 50.6527
62. 50.5606
63. 50.6221
64. 50.7831
65. 50.4008
66. 50.4838
67. 50.6069
68. 50.7595
69. 50.7376
70. 50.8163
71. 50.785
72. 50.4982
73. 50.556
74. 50.5924
75. 50.5033
76. 50.4526
77. 50.6182
78. 50.6788
79. 50.5127
80. 50.6072
81. 50.5294
82. 50.4906
83. 50.674
84. 50.8299
85. 50.8313
86. 50.6033
87. 50.6275
88. 50.6342
89. 50.7049
90. 50.5508
91. 50.2774
92. 50.6948
93. 50.6857
94. 50.7702
95. 50.0795
96. 50.5329
97. 50.9885
98. 50.5609
99. 50.622
100. 51.0173
