1. 2.96313
2. 3.00361
3. 2.95992
4. 2.97279
5. 2.97839
6. 2.95123
7. 2.97595
8. 2.99304
9. 2.97189
10. 2.96589
11. 3.02855
12. 2.96173
13. 2.98113
14. 2.96441
15. 2.95892
16. 2.95826
17. 2.97557
18. 2.96771
19. 2.9876
20. 2.97428
21. 2.98427
22. 2.96143
23. 2.97153
24. 2.9689
25. 2.96165
26. 2.96942
27. 2.96795
28. 2.96854
29. 2.95295
30. 2.972
31. 2.959
32. 2.94969
33. 2.98527
34. 2.96231
35. 2.95414
36. 2.95105
37. 2.9605
38. 2.94801
39. 2.9564
40. 2.96034
41. 2.9998
42. 2.96238
43. 3.00351
44. 2.96354
45. 2.97034
46. 3.08135
47. 2.97807
48. 3.11053
49. 2.9595
50. 3.00662
51. 2.97357
52. 2.97948
53. 2.96514
54. 2.99502
55. 2.95859
56. 2.98961
57. 2.98274
58. 2.99397
59. 3.00343
60. 2.95926
61. 3.04928
62. 3.13035
63. 3.05857
64. 3.14347
65. 3.6141
66. 3.31919
67. 3.35979
68. 3.3646
69. 3.43248
70. 3.48054
71. 3.35311
72. 3.31054
73. 3.16367
74. 3.15588
75. 3.16372
76. 3.02702
77. 3.01883
78. 3.01941
79. 3.04386
80. 2.98536
81. 2.96039
82. 2.95384
83. 2.9588
84. 2.96724
85. 2.94307
86. 2.96489
87. 2.97165
88. 2.9739
89. 2.93826
90. 2.96603
91. 2.94615
92. 2.9785
93. 2.97214
94. 2.94154
95. 2.95617
96. 2.94672
97. 2.95624
98. 2.94229
99. 2.9556
100. 2.95602
