1. 1.16121
2. 1.16559
3. 1.17608
4. 1.21347
5. 1.21991
6. 1.23221
7. 1.20197
8. 1.19102
9. 1.26699
10. 1.27757
11. 1.24882
12. 1.23707
13. 1.2815
14. 1.19764
15. 1.23208
16. 1.15751
17. 1.1785
18. 1.16924
19. 1.17204
20. 1.16814
21. 1.16189
22. 1.158
23. 1.14936
24. 1.14984
25. 1.15008
26. 1.19813
27. 1.15234
28. 1.15576
29. 1.14565
30. 1.16322
31. 1.15331
32. 1.1554
33. 1.14467
34. 1.14888
35. 1.14834
36. 1.14902
37. 1.15664
38. 1.14682
39. 1.16158
40. 1.14248
41. 1.14843
42. 1.1515
43. 1.14768
44. 1.14104
45. 1.15152
46. 1.14903
47. 1.15135
48. 1.15787
49. 1.19358
50. 1.1971
51. 1.15151
52. 1.18167
53. 1.16975
54. 1.15698
55. 1.21624
56. 1.21621
57. 1.20371
58. 1.19376
59. 1.21848
60. 1.16745
61. 1.22282
62. 1.20085
63. 1.16105
64. 1.19597
65. 1.16219
66. 1.23975
67. 1.19441
68. 1.25437
69. 1.16128
70. 1.17132
71. 1.19336
72. 1.18416
73. 1.17775
74. 1.17812
75. 1.17761
76. 1.17599
77. 1.15543
78. 1.1522
79. 1.15777
80. 1.15913
81. 1.15447
82. 1.15624
83. 1.16009
84. 1.14807
85. 1.15852
86. 1.15815
87. 1.14664
88. 1.15316
89. 1.15746
90. 1.15504
91. 1.15753
92. 1.14832
93. 1.15448
94. 1.15701
95. 1.16115
96. 1.15916
97. 1.15122
98. 1.16048
99. 1.15099
100. 1.16483

