1. 22.2426
2. 22.3062
3. 21.9602
4. 22.2153
5. 22.1904
6. 22.199
7. 22.1951
8. 22.4365
9. 22.3082
10. 22.1941
11. 22.318
12. 22.8761
13. 22.8664
14. 22.5947
15. 23.0636
16. 22.7455
17. 22.5328
18. 22.9665
19. 22.956
20. 22.9675
21. 22.7392
22. 22.5947
23. 22.4125
24. 22.4196
25. 22.3915
26. 22.1858
27. 22.4103
28. 22.7173
29. 22.8319
30. 23.0029
31. 22.5995
32. 22.6302
33. 22.5222
34. 22.4884
35. 22.6492
36. 22.5605
37. 22.0849
38. 22.1563
39. 22.0412
40. 22.4113
41. 22.0308
42. 22.2598
43. 22.2089
44. 22.1595
45. 22.0966
46. 22.1908
47. 22.2117
48. 22.2578
49. 22.2078
50. 22.2715
51. 22.3291
52. 22.2956
53. 22.0241
54. 22.1987
55. 22.1579
56. 22.2948
57. 22.116
58. 22.2134
59. 22.5288
60. 22.1307
61. 22.1172
62. 22.0151
63. 21.9636
64. 22.3075
65. 22.2591
66. 22.237
67. 22.1682
68. 22.1476
69. 21.9448
70. 22.1589
71. 22.1132
72. 22.3233
73. 22.2465
74. 22.0561
75. 22.1415
76. 22.015
77. 22.4385
78. 22.0885
79. 22.094
80. 22.0592
81. 22.1538
82. 22.4565
83. 22.1036
84. 22.2015
85. 22.1223
86. 22.2222
87. 22.1986
88. 22.2858
89. 22.1453
90. 22.2893
91. 22.0596
92. 22.108
93. 22.1744
94. 22.2284
95. 22.2012
96. 22.1299
97. 22.154
98. 21.9426
99. 21.9751
100. 22.22
