1. 0.018733
2. 0.020843
3. 0.018241
4. 0.01793
5. 0.017781
6. 0.017749
7. 0.017787
8. 0.017783
9. 0.017948
10. 0.017775
11. 0.017848
12. 0.017834
13. 0.017688
14. 0.017835
15. 0.017778
16. 0.017777
17. 0.017741
18. 0.017739
19. 0.017902
20. 0.017824
21. 0.019374
22. 0.017707
23. 0.017723
24. 0.017758
25. 0.017742
26. 0.017715
27. 0.017769
28. 0.017782
29. 0.018869
30. 0.01816
31. 0.017714
32. 0.017719
33. 0.017776
34. 0.017766
35. 0.017731
36. 0.018032
37. 0.0178
38. 0.017748
39. 0.017764
40. 0.0178
41. 0.017758
42. 0.017761
43. 0.017735
44. 0.017821
45. 0.017703
46. 0.017777
47. 0.017744
48. 0.017815
49. 0.017738
50. 0.017732
51. 0.017742
52. 0.017754
53. 0.017752
54. 0.017696
55. 0.017777
56. 0.018507
57. 0.018181
58. 0.017737
59. 0.018082
60. 0.017767
61. 0.017757
62. 0.017777
63. 0.017692
64. 0.017787
65. 0.017711
66. 0.018019
67. 0.017711
68. 0.017741
69. 0.017724
70. 0.017775
71. 0.017788
72. 0.017702
73. 0.017747
74. 0.017836
75. 0.017767
76. 0.017715
77. 0.017692
78. 0.017839
79. 0.017801
80. 0.017841
81. 0.017717
82. 0.017995
83. 0.018321
84. 0.017972
85. 0.017872
86. 0.017748
87. 0.017745
88. 0.017755
89. 0.019156
90. 0.017786
91. 0.01774
92. 0.018013
93. 0.017852
94. 0.018513
95. 0.017748
96. 0.017761
97. 0.017748
98. 0.017849
99. 0.017806
100. 0.017734
