1. 0.001981
2. 0.001934
3. 0.002017
4. 0.00193
5. 0.001923
6. 0.002015
7. 0.001923
8. 0.001553
9. 0.001521
10. 0.001504
11. 0.001503
12. 0.001483
13. 0.001481
14. 0.001584
15. 0.001608
16. 0.001527
17. 0.001501
18. 0.001517
19. 0.001506
20. 0.001485
21. 0.001484
22. 0.001496
23. 0.001483
24. 0.001482
25. 0.001486
26. 0.001482
27. 0.001531
28. 0.001484
29. 0.001489
30. 0.00148
31. 0.001509
32. 0.001495
33. 0.001542
34. 0.001511
35. 0.00151
36. 0.001544
37. 0.00149
38. 0.001483
39. 0.001518
40. 0.001482
41. 0.001484
42. 0.001483
43. 0.001493
44. 0.001509
45. 0.001499
46. 0.001497
47. 0.001828
48. 0.001542
49. 0.001535
50. 0.001544
51. 0.001534
52. 0.001518
53. 0.001503
54. 0.001522
55. 0.001486
56. 0.001507
57. 0.001501
58. 0.001491
59. 0.001553
60. 0.001545
61. 0.001677
62. 0.00154
63. 0.00153
64. 0.001539
65. 0.001533
66. 0.001536
67. 0.001533
68. 0.001535
69. 0.001517
70. 0.001482
71. 0.001508
72. 0.001501
73. 0.001543
74. 0.00157
75. 0.001508
76. 0.001504
77. 0.001509
78. 0.001504
79. 0.001504
80. 0.001504
81. 0.001511
82. 0.001502
83. 0.001488
84. 0.001483
85. 0.001486
86. 0.001483
87. 0.001481
88. 0.001482
89. 0.001481
90. 0.001481
91. 0.001484
92. 0.001491
93. 0.001487
94. 0.001535
95. 0.001482
96. 0.001493
97. 0.001486
98. 0.001495
99. 0.001482
100. 0.001509
