1. 0.201727
2. 0.20233
3. 0.207125
4. 0.203937
5. 0.200388
6. 0.203328
7. 0.201782
8. 0.214512
9. 0.212966
10. 0.20714
11. 0.205444
12. 0.201518
13. 0.200444
14. 0.202735
15. 0.200418
16. 0.205028
17. 0.205336
18. 0.201198
19. 0.204196
20. 0.202804
21. 0.211735
22. 0.201739
23. 0.204029
24. 0.201044
25. 0.202784
26. 0.204952
27. 0.234495
28. 0.219219
29. 0.235078
30. 0.201554
31. 0.214801
32. 0.206947
33. 0.21149
34. 0.209631
35. 0.211862
36. 0.205877
37. 0.209571
38. 0.206967
39. 0.201913
40. 0.203338
41. 0.201071
42. 0.206603
43. 0.222206
44. 0.210129
45. 0.205611
46. 0.200923
47. 0.202885
48. 0.203239
49. 0.208011
50. 0.200747
51. 0.199783
52. 0.203044
53. 0.202314
54. 0.20107
55. 0.200067
56. 0.201829
57. 0.209781
58. 0.200099
59. 0.202163
60. 0.200438
61. 0.201308
62. 0.20004
63. 0.202157
64. 0.202332
65. 0.201852
66. 0.201016
67. 0.200293
68. 0.199888
69. 0.201423
70. 0.20036
71. 0.202638
72. 0.200888
73. 0.201331
74. 0.205274
75. 0.201077
76. 0.204151
77. 0.201885
78. 0.200926
79. 0.203794
80. 0.201553
81. 0.20935
82. 0.201023
83. 0.203031
84. 0.201205
85. 0.201527
86. 0.204777
87. 0.201058
88. 0.201064
89. 0.201665
90. 0.199798
91. 0.202779
92. 0.199941
93. 0.202599
94. 0.199927
95. 0.200688
96. 0.1999
97. 0.200206
98. 0.203732
99. 0.201393
100. 0.200256
