1. 0.097319
2. 0.115166
3. 0.096746
4. 0.097811
5. 0.096559
6. 0.096801
7. 0.096234
8. 0.09666
9. 0.097264
10. 0.097397
11. 0.09657
12. 0.09637
13. 0.097801
14. 0.098277
15. 0.096524
16. 0.096436
17. 0.096609
18. 0.097128
19. 0.098445
20. 0.097864
21. 0.096978
22. 0.097286
23. 0.097171
24. 0.098058
25. 0.098491
26. 0.097816
27. 0.097478
28. 0.097866
29. 0.100218
30. 0.096809
31. 0.097479
32. 0.096458
33. 0.096964
34. 0.09794
35. 0.097992
36. 0.097596
37. 0.097543
38. 0.098252
39. 0.098527
40. 0.097429
41. 0.097666
42. 0.097749
43. 0.100011
44. 0.099168
45. 0.09779
46. 0.097711
47. 0.098329
48. 0.098263
49. 0.098403
50. 0.097583
51. 0.097384
52. 0.096562
53. 0.096536
54. 0.100144
55. 0.096655
56. 0.09725
57. 0.096381
58. 0.096444
59. 0.099537
60. 0.098553
61. 0.096462
62. 0.096782
63. 0.097373
64. 0.10616
65. 0.096344
66. 0.096506
67. 0.096737
68. 0.097681
69. 0.098249
70. 0.096553
71. 0.096632
72. 0.098181
73. 0.096596
74. 0.096912
75. 0.099266
76. 0.096363
77. 0.096435
78. 0.096744
79. 0.097074
80. 0.096761
81. 0.098003
82. 0.096366
83. 0.097266
84. 0.096555
85. 0.097102
86. 0.096676
87. 0.096665
88. 0.097088
89. 0.096927
90. 0.096913
91. 0.096553
92. 0.096835
93. 0.096759
94. 0.096311
95. 0.09725
96. 0.096644
97. 0.096375
98. 0.096527
99. 0.096205
100. 0.097986
