1. 0.009381
2. 0.008729
3. 0.008557
4. 0.008499
5. 0.008541
6. 0.009404
7. 0.010432
8. 0.008717
9. 0.008826
10. 0.008595
11. 0.00851
12. 0.008561
13. 0.008478
14. 0.008531
15. 0.008569
16. 0.008476
17. 0.008484
18. 0.008505
19. 0.008488
20. 0.008637
21. 0.00854
22. 0.008477
23. 0.008513
24. 0.00866
25. 0.008459
26. 0.008496
27. 0.008473
28. 0.008694
29. 0.008587
30. 0.008474
31. 0.008566
32. 0.008468
33. 0.008473
34. 0.008573
35. 0.008499
36. 0.008495
37. 0.008499
38. 0.008572
39. 0.008495
40. 0.008534
41. 0.008483
42. 0.008498
43. 0.008513
44. 0.00857
45. 0.008492
46. 0.008497
47. 0.009092
48. 0.008735
49. 0.008471
50. 0.008504
51. 0.008534
52. 0.008514
53. 0.00863
54. 0.00851
55. 0.008498
56. 0.00862
57. 0.008987
58. 0.008555
59. 0.008594
60. 0.008491
61. 0.008523
62. 0.008704
63. 0.009171
64. 0.00855
65. 0.008619
66. 0.008479
67. 0.008505
68. 0.008484
69. 0.008452
70. 0.008481
71. 0.008553
72. 0.008539
73. 0.008492
74. 0.00848
75. 0.008486
76. 0.008523
77. 0.008493
78. 0.008508
79. 0.008475
80. 0.008521
81. 0.008505
82. 0.00854
83. 0.008495
84. 0.008507
85. 0.008532
86. 0.008522
87. 0.008512
88. 0.008475
89. 0.008533
90. 0.008488
91. 0.008464
92. 0.008526
93. 0.008459
94. 0.009533
95. 0.008551
96. 0.008458
97. 0.008465
98. 0.008472
99. 0.008491
100. 0.008511
