1. 0.325525
2. 0.325072
3. 0.323015
4. 0.324767
5. 0.326543
6. 0.326874
7. 0.322338
8. 0.323888
9. 0.323137
10. 0.325413
11. 0.322373
12. 0.324453
13. 0.322921
14. 0.32579
15. 0.325172
16. 0.324259
17. 0.324391
18. 0.322806
19. 0.32728
20. 0.326798
21. 0.324842
22. 0.323662
23. 0.323973
24. 0.325911
25. 0.323873
26. 0.323913
27. 0.324398
28. 0.3243
29. 0.327144
30. 0.329999
31. 0.325069
32. 0.321989
33. 0.323291
34. 0.325604
35. 0.322586
36. 0.321966
37. 0.32446
38. 0.322143
39. 0.324524
40. 0.325326
41. 0.323413
42. 0.324627
43. 0.329349
44. 0.321769
45. 0.327275
46. 0.321956
47. 0.324483
48. 0.321618
49. 0.323193
50. 0.323779
51. 0.324216
52. 0.323875
53. 0.323563
54. 0.324014
55. 0.323593
56. 0.322398
57. 0.321497
58. 0.322695
59. 0.322009
60. 0.326503
61. 0.323436
62. 0.321927
63. 0.324111
64. 0.321905
65. 0.323311
66. 0.3245
67. 0.323397
68. 0.323566
69. 0.323196
70. 0.32405
71. 0.322599
72. 0.323449
73. 0.323998
74. 0.323437
75. 0.3242
76. 0.321948
77. 0.32372
78. 0.322516
79. 0.323993
80. 0.325327
81. 0.324404
82. 0.324966
83. 0.324899
84. 0.324877
85. 0.323906
86. 0.324476
87. 0.323299
88. 0.325912
89. 0.322499
90. 0.327722
91. 0.323115
92. 0.323099
93. 0.322708
94. 0.32483
95. 0.325416
96. 0.323755
97. 0.321632
98. 0.321706
99. 0.322782
100. 0.324505
