1. 7.03648
2. 7.13861
3. 7.03712
4. 7.25185
5. 7.13178
6. 7.07092
7. 6.98592
8. 7.15772
9. 7.01449
10. 7.85261
11. 6.81349
12. 6.82066
13. 6.85159
14. 6.82709
15. 6.80902
16. 6.80096
17. 6.83019
18. 6.79403
19. 6.79236
20. 6.81952
21. 6.76199
22. 6.82506
23. 6.80493
24. 6.79353
25. 6.79667
26. 6.80841
27. 6.78967
28. 6.80441
29. 6.799
30. 6.81443
31. 6.81482
32. 6.78539
33. 6.81354
34. 6.77216
35. 6.78803
36. 6.8104
37. 6.78156
38. 6.77866
39. 6.80701
40. 7.01101
41. 6.92408
42. 6.80208
43. 6.78622
44. 6.78392
45. 6.77362
46. 6.80221
47. 6.77395
48. 6.7914
49. 6.78354
50. 6.76631
51. 6.77907
52. 6.76552
53. 6.77404
54. 6.78708
55. 6.8208
56. 6.76811
57. 6.79728
58. 6.77397
59. 6.79225
60. 6.77752
61. 6.78047
62. 6.94989
63. 6.93676
64. 6.81291
65. 6.76528
66. 6.8273
67. 6.77161
68. 6.7524
69. 6.76339
70. 6.75974
71. 6.78727
72. 6.8251
73. 6.78931
74. 6.76091
75. 6.79901
76. 6.74689
77. 6.77732
78. 6.77642
79. 6.79861
80. 6.77843
81. 6.81616
82. 6.78717
83. 6.76557
84. 6.78172
85. 6.78764
86. 6.7788
87. 6.76783
88. 6.81778
89. 6.7844
90. 6.79269
91. 6.76809
92. 6.77571
93. 6.76495
94. 6.77328
95. 6.79831
96. 6.78383
97. 6.77595
98. 6.73196
99. 6.76541
100. 6.78187
