1. 0.070038
2. 0.068983
3. 0.068193
4. 0.067358
5. 0.068996
6. 0.068102
7. 0.068289
8. 0.067922
9. 0.067359
10. 0.070261
11. 0.068022
12. 0.068282
13. 0.068382
14. 0.068259
15. 0.067485
16. 0.069292
17. 0.068357
18. 0.068201
19. 0.068241
20. 0.068477
21. 0.06832
22. 0.071069
23. 0.074246
24. 0.06912
25. 0.068212
26. 0.068799
27. 0.068206
28. 0.068535
29. 0.068759
30. 0.069874
31. 0.068796
32. 0.068589
33. 0.067938
34. 0.066953
35. 0.068814
36. 0.068321
37. 0.068636
38. 0.068116
39. 0.068287
40. 0.068646
41. 0.06793
42. 0.068726
43. 0.068163
44. 0.06884
45. 0.068814
46. 0.068812
47. 0.068926
48. 0.067178
49. 0.068808
50. 0.068955
51. 0.068764
52. 0.067354
53. 0.06874
54. 0.067013
55. 0.068852
56. 0.070575
57. 0.068331
58. 0.070659
59. 0.067575
60. 0.068951
61. 0.068661
62. 0.068919
63. 0.069573
64. 0.068625
65. 0.069426
66. 0.068096
67. 0.068973
68. 0.086294
69. 0.072168
70. 0.079305
71. 0.114687
72. 0.105512
73. 0.107416
74. 0.06958
75. 0.069517
76. 0.06756
77. 0.067748
78. 0.067557
79. 0.069942
80. 0.068881
81. 0.068752
82. 0.069019
83. 0.067633
84. 0.067478
85. 0.068396
86. 0.067252
87. 0.069481
88. 0.069676
89. 0.069045
90. 0.068654
91. 0.068355
92. 0.069619
93. 0.069392
94. 0.070371
95. 0.068479
96. 0.072701
97. 0.071411
98. 0.068638
99. 0.06948
100. 0.067897
