1. 1.70677
2. 1.70307
3. 1.70929
4. 1.6945
5. 1.69168
6. 1.70502
7. 1.69249
8. 1.69599
9. 1.69436
10. 1.70038
11. 1.70707
12. 1.7
13. 1.71386
14. 1.70377
15. 1.69409
16. 1.70155
17. 1.69444
18. 1.68964
19. 1.6954
20. 1.6985
21. 1.68084
22. 1.69552
23. 1.69996
24. 1.69335
25. 1.70333
26. 1.69467
27. 1.73405
28. 1.7952
29. 1.69875
30. 1.75622
31. 1.717
32. 1.70645
33. 1.69514
34. 1.69454
35. 1.69069
36. 1.69965
37. 1.67945
38. 1.72916
39. 1.69767
40. 1.68806
41. 1.69372
42. 1.70294
43. 1.70007
44. 1.68902
45. 1.70233
46. 1.71008
47. 1.70514
48. 1.7236
49. 1.72167
50. 1.75965
51. 1.71457
52. 1.71348
53. 1.73803
54. 1.68881
55. 1.69334
56. 1.70368
57. 1.69759
58. 1.6966
59. 1.6972
60. 1.69373
61. 1.68152
62. 1.70515
63. 1.69225
64. 1.68889
65. 1.70332
66. 1.69269
67. 1.6875
68. 1.69687
69. 1.69769
70. 1.69339
71. 1.7044
72. 1.694
73. 1.68401
74. 1.7021
75. 1.70551
76. 1.69358
77. 1.68669
78. 1.68158
79. 1.7
80. 1.70189
81. 1.70044
82. 1.70868
83. 1.70664
84. 1.69516
85. 1.69623
86. 1.69154
87. 1.69939
88. 1.68332
89. 1.68764
90. 1.69194
91. 1.69253
92. 1.70321
93. 1.69671
94. 1.69559
95. 1.71254
96. 1.71766
97. 1.70593
98. 2.31374
99. 2.41461
100. 1.80919
