1. 0.08081
2. 0.078724
3. 0.0808
4. 0.079999
5. 0.156994
6. 0.077085
7. 0.153969
8. 0.081415
9. 0.078333
10. 0.080357
11. 0.154476
12. 0.079197
13. 0.080142
14. 0.078034
15. 0.154906
16. 0.154056
17. 0.153237
18. 0.155864
19. 0.154004
20. 0.153843
21. 0.079129
22. 0.079957
23. 0.161338
24. 0.082553
25. 0.080406
26. 0.081971
27. 0.187419
28. 0.089045
29. 0.157175
30. 0.155942
31. 0.077324
32. 0.079619
33. 0.079169
34. 0.078572
35. 0.079167
36. 0.078891
37. 0.078209
38. 0.154313
39. 0.15418
40. 0.079612
41. 0.155874
42. 0.079353
43. 0.080991
44. 0.16447
45. 0.155347
46. 0.078757
47. 0.079022
48. 0.079542
49. 0.079635
50. 0.159797
51. 0.081616
52. 0.151352
53. 0.154164
54. 0.078593
55. 0.079473
56. 0.080219
57. 0.082252
58. 0.081331
59. 0.154506
60. 0.151294
61. 0.078701
62. 0.154229
63. 0.078581
64. 0.078265
65. 0.078286
66. 0.151748
67. 0.151827
68. 0.156689
69. 0.153437
70. 0.153387
71. 0.0785
72. 0.078893
73. 0.079293
74. 0.154301
75. 0.077583
76. 0.153967
77. 0.078651
78. 0.151457
79. 0.081514
80. 0.15292
81. 0.079279
82. 0.07914
83. 0.079295
84. 0.153113
85. 0.152469
86. 0.079025
87. 0.08027
88. 0.078779
89. 0.077562
90. 0.078159
91. 0.077978
92. 0.151364
93. 0.080541
94. 0.078909
95. 0.077246
96. 0.078023
97. 0.077958
98. 0.078677
99. 0.078564
100. 0.080698
