1. 0.014231
2. 0.010585
3. 0.012739
4. 0.031214
5. 0.014203
6. 0.010452
7. 0.010775
8. 0.010802
9. 0.015847
10. 0.01233
11. 0.016602
12. 0.011903
13. 0.012675
14. 0.011188
15. 0.010924
16. 0.02046
17. 0.012331
18. 0.015511
19. 0.016441
20. 0.010622
21. 0.014695
22. 0.01113
23. 0.013436
24. 0.011494
25. 0.015653
26. 0.010725
27. 0.011593
28. 0.017766
29. 0.014038
30. 0.013588
31. 0.014004
32. 0.013659
33. 0.011204
34. 0.014516
35. 0.012029
36. 0.009773
37. 0.010174
38. 0.012083
39. 0.009962
40. 0.010769
41. 0.012
42. 0.013036
43. 0.011796
44. 0.010863
45. 0.009681
46. 0.013229
47. 0.017907
48. 0.015439
49. 0.012839
50. 0.01497
51. 0.010924
52. 0.019396
53. 0.00811
54. 0.010144
55. 0.013324
56. 0.015466
57. 0.015546
58. 0.010249
59. 0.017904
60. 0.012415
61. 0.019513
62. 0.01743
63. 0.014172
64. 0.014313
65. 0.0127
66. 0.015506
67. 0.010949
68. 0.012589
69. 0.015615
70. 0.011833
71. 0.011074
72. 0.010265
73. 0.013108
74. 0.011333
75. 0.012904
76. 0.022688
77. 0.016031
78. 0.01416
79. 0.013111
80. 0.011246
81. 0.008857
82. 0.015452
83. 0.011497
84. 0.017723
85. 0.018643
86. 0.009682
87. 0.012617
88. 0.013055
89. 0.021252
90. 0.011079
91. 0.02187
92. 0.013893
93. 0.011316
94. 0.014223
95. 0.014842
96. 0.015595
97. 0.017495
98. 0.014215
99. 0.012175
100. 0.012888
