1. 0.195672
2. 0.186987
3. 0.154657
4. 0.182587
5. 0.196073
6. 0.140437
7. 0.1519
8. 0.137463
9. 0.154356
10. 0.16633
11. 0.169265
12. 0.162328
13. 0.167019
14. 0.16666
15. 0.185037
16. 0.169063
17. 0.191186
18. 0.154238
19. 0.1377
20. 0.179901
21. 0.150645
22. 0.15636
23. 0.151225
24. 0.145902
25. 0.131949
26. 0.172565
27. 0.141562
28. 0.124539
29. 0.163262
30. 0.145086
31. 0.140428
32. 0.172707
33. 0.139942
34. 0.162288
35. 0.155677
36. 0.186617
37. 0.15206
38. 0.138238
39. 0.165679
40. 0.151801
41. 0.143947
42. 0.161524
43. 0.140731
44. 0.169671
45. 0.149635
46. 0.144176
47. 0.200335
48. 0.150367
49. 0.172446
50. 0.162067
51. 0.16166
52. 0.154344
53. 0.152698
54. 0.145816
55. 0.154121
56. 0.167413
57. 0.150373
58. 0.176846
59. 0.157896
60. 0.122418
61. 0.159134
62. 0.150396
63. 0.166342
64. 0.183994
65. 0.144205
66. 0.120986
67. 0.147994
68. 0.145148
69. 0.156341
70. 0.136799
71. 0.184135
72. 0.142488
73. 0.142989
74. 0.141984
75. 0.17408
76. 0.139565
77. 0.158253
78. 0.165342
79. 0.230924
80. 0.16752
81. 0.136984
82. 0.136239
83. 0.178988
84. 0.135075
85. 0.140932
86. 0.157923
87. 0.141196
88. 0.159648
89. 0.161181
90. 0.149665
91. 0.144024
92. 0.136772
93. 0.153324
94. 0.147195
95. 0.175329
96. 0.162988
97. 0.176976
98. 0.118941
99. 0.160138
100. 0.157336
