1. 1.5348
2. 1.5384
3. 1.50937
4. 1.50798
5. 1.61234
6. 1.64534
7. 1.62294
8. 1.6007
9. 1.6535
10. 1.51966
11. 1.61607
12. 1.59509
13. 1.63455
14. 1.50813
15. 1.54493
16. 1.53583
17. 1.56583
18. 1.48584
19. 1.55608
20. 1.57186
21. 1.49625
22. 1.50586
23. 1.61592
24. 1.58895
25. 1.51953
26. 1.52302
27. 1.55345
28. 1.61422
29. 1.55503
30. 1.58874
31. 1.55957
32. 1.61378
33. 1.54043
34. 1.49146
35. 1.52323
36. 1.58539
37. 1.63954
38. 1.58968
39. 1.60164
40. 1.51179
41. 1.51626
42. 1.51551
43. 1.60007
44. 1.53673
45. 1.50849
46. 1.52781
47. 1.63633
48. 1.59332
49. 1.64279
50. 1.42161
51. 1.53421
52. 1.53867
53. 1.49362
54. 1.51003
55. 1.53625
56. 1.73576
57. 1.60426
58. 1.59354
59. 1.63868
60. 1.46772
61. 1.51808
62. 1.60455
63. 1.58204
64. 1.63455
65. 1.56127
66. 1.67814
67. 1.58164
68. 1.61139
69. 1.68303
70. 1.51388
71. 1.65998
72. 1.45724
73. 1.57478
74. 1.58608
75. 1.60324
76. 1.5029
77. 1.56792
78. 1.56693
79. 1.53046
80. 1.48095
81. 1.55537
82. 1.63115
83. 1.58091
84. 1.61772
85. 1.49304
86. 1.44724
87. 1.67843
88. 1.62283
89. 1.50425
90. 1.6023
91. 1.57736
92. 1.63487
93. 1.68445
94. 1.48351
95. 1.44805
96. 1.55043
97. 1.60297
98. 1.53854
99. 1.56887
100. 1.62771
