1. 0.787499
2. 0.838224
3. 0.756593
4. 0.791206
5. 0.840026
6. 0.808992
7. 0.792609
8. 0.801922
9. 0.773629
10. 0.778665
11. 0.784232
12. 0.778306
13. 0.800958
14. 0.853154
15. 0.774438
16. 0.825446
17. 0.836473
18. 0.827348
19. 0.807666
20. 0.776311
21. 0.804278
22. 0.80476
23. 0.766409
24. 0.773119
25. 0.755109
26. 0.758919
27. 0.81827
28. 0.762319
29. 0.798713
30. 0.790466
31. 0.775042
32. 0.83871
33. 0.748896
34. 0.77009
35. 0.889432
36. 0.765959
37. 0.73882
38. 0.753723
39. 0.750284
40. 0.765862
41. 0.855053
42. 0.854123
43. 0.917262
44. 0.959251
45. 0.906484
46. 0.905587
47. 0.770119
48. 0.820027
49. 0.740066
50. 0.836512
51. 0.773749
52. 0.809774
53. 0.771984
54. 0.798941
55. 0.87893
56. 0.710288
57. 0.775732
58. 0.802019
59. 0.840146
60. 0.750939
61. 0.819284
62. 0.744763
63. 0.85926
64. 0.785513
65. 0.78608
66. 0.844472
67. 0.850198
68. 0.725007
69. 0.750828
70. 0.709915
71. 0.781605
72. 0.716521
73. 0.725042
74. 0.748701
75. 0.818177
76. 0.757746
77. 0.823373
78. 0.812009
79. 0.817444
80. 0.731478
81. 0.813097
82. 0.793986
83. 0.815748
84. 0.717237
85. 0.807736
86. 0.771705
87. 0.741476
88. 0.833921
89. 0.775971
90. 0.704542
91. 0.735157
92. 0.786999
93. 0.786737
94. 0.723364
95. 0.73081
96. 0.820779
97. 0.792248
98. 0.750484
99. 0.775091
100. 0.811418
