1. 0.084112
2. 0.101261
3. 0.07492
4. 0.094584
5. 0.081254
6. 0.071039
7. 0.066718
8. 0.080822
9. 0.077116
10. 0.081831
11. 0.071976
12. 0.069645
13. 0.078886
14. 0.074149
15. 0.093731
16. 0.075642
17. 0.065674
18. 0.075826
19. 0.065317
20. 0.087162
21. 0.082955
22. 0.088765
23. 0.075497
24. 0.061367
25. 0.076324
26. 0.07667
27. 0.078009
28. 0.08456
29. 0.065026
30. 0.086978
31. 0.081153
32. 0.069104
33. 0.072232
34. 0.058368
35. 0.081631
36. 0.069095
37. 0.06546
38. 0.082712
39. 0.08818
40. 0.087831
41. 0.074679
42. 0.071696
43. 0.069024
44. 0.071026
45. 0.06932
46. 0.064291
47. 0.109083
48. 0.093142
49. 0.09294
50. 0.062796
51. 0.071002
52. 0.083365
53. 0.085327
54. 0.055022
55. 0.090325
56. 0.078574
57. 0.089006
58. 0.065696
59. 0.089381
60. 0.064985
61. 0.078718
62. 0.092
63. 0.0928
64. 0.071745
65. 0.059746
66. 0.083283
67. 0.071335
68. 0.06937
69. 0.063798
70. 0.084171
71. 0.067646
72. 0.091338
73. 0.072735
74. 0.078806
75. 0.090821
76. 0.091273
77. 0.075825
78. 0.097166
79. 0.063224
80. 0.094476
81. 0.082263
82. 0.059949
83. 0.087161
84. 0.070671
85. 0.079191
86. 0.083215
87. 0.12175
88. 0.083479
89. 0.074959
90. 0.092073
91. 0.079867
92. 0.06939
93. 0.070498
94. 0.0657
95. 0.054521
96. 0.075324
97. 0.070803
98. 0.075636
99. 0.060352
100. 0.064384
