1. 0.164586
2. 0.172194
3. 0.161758
4. 0.166403
5. 0.164116
6. 0.162802
7. 0.163314
8. 0.166802
9. 0.164728
10. 0.164499
11. 0.162651
12. 0.163607
13. 0.16295
14. 0.164589
15. 0.161623
16. 0.161018
17. 0.165448
18. 0.160902
19. 0.163812
20. 0.164361
21. 0.161621
22. 0.163625
23. 0.163351
24. 0.163851
25. 0.166199
26. 0.164209
27. 0.163889
28. 0.164045
29. 0.163625
30. 0.164076
31. 0.16313
32. 0.162307
33. 0.162416
34. 0.161988
35. 0.161325
36. 0.161063
37. 0.167816
38. 0.160975
39. 0.162759
40. 0.168045
41. 0.20344
42. 0.229088
43. 0.176821
44. 0.171165
45. 0.173573
46. 0.183589
47. 0.173639
48. 0.171455
49. 0.163132
50. 0.166135
51. 0.16458
52. 0.163741
53. 0.164406
54. 0.166891
55. 0.16296
56. 0.165327
57. 0.16687
58. 0.162724
59. 0.191267
60. 0.216159
61. 0.171414
62. 0.162105
63. 0.164624
64. 0.161603
65. 0.164405
66. 0.163193
67. 0.163174
68. 0.165016
69. 0.162296
70. 0.163159
71. 0.169735
72. 0.166807
73. 0.166177
74. 0.165771
75. 0.162851
76. 0.16532
77. 0.163306
78. 0.164797
79. 0.160835
80. 0.165769
81. 0.16143
82. 0.163781
83. 0.163105
84. 0.161312
85. 0.162456
86. 0.162668
87. 0.161979
88. 0.163716
89. 0.166589
90. 0.165356
91. 0.16138
92. 0.164037
93. 0.162576
94. 0.164995
95. 0.164858
96. 0.16099
97. 0.164386
98. 0.167677
99. 0.162793
100. 0.164127
