1. 0.005892
2. 0.00325
3. 0.002941
4. 0.003162
5. 0.002441
6. 0.002348
7. 0.002304
8. 0.002373
9. 0.002469
10. 0.002315
11. 0.002236
12. 0.002258
13. 0.002247
14. 0.002266
15. 0.002296
16. 0.002391
17. 0.00236
18. 0.002325
19. 0.00234
20. 0.002324
21. 0.002329
22. 0.002368
23. 0.00237
24. 0.002374
25. 0.002332
26. 0.002342
27. 0.002372
28. 0.002382
29. 0.002548
30. 0.002346
31. 0.00235
32. 0.002368
33. 0.00253
34. 0.003046
35. 0.003042
36. 0.003076
37. 0.003035
38. 0.002933
39. 0.002631
40. 0.002349
41. 0.002346
42. 0.002333
43. 0.002364
44. 0.002363
45. 0.002353
46. 0.002366
47. 0.002315
48. 0.002319
49. 0.002325
50. 0.00231
51. 0.002272
52. 0.002286
53. 0.002238
54. 0.002255
55. 0.002351
56. 0.002295
57. 0.002293
58. 0.002257
59. 0.002277
60. 0.002289
61. 0.002224
62. 0.00224
63. 0.002242
64. 0.002282
65. 0.00227
66. 0.002237
67. 0.002289
68. 0.002288
69. 0.002282
70. 0.002261
71. 0.002239
72. 0.002261
73. 0.00236
74. 0.002264
75. 0.002254
76. 0.00229
77. 0.00227
78. 0.002282
79. 0.002376
80. 0.002349
81. 0.002273
82. 0.00226
83. 0.002273
84. 0.002246
85. 0.002236
86. 0.002299
87. 0.002224
88. 0.002286
89. 0.002285
90. 0.002237
91. 0.002245
92. 0.002275
93. 0.002379
94. 0.00233
95. 0.002325
96. 0.002312
97. 0.002317
98. 0.00237
99. 0.002328
100. 0.002302
