1. 0.172283
2. 0.187479
3. 0.173281
4. 0.173065
5. 0.170534
6. 0.170572
7. 0.173196
8. 0.177752
9. 0.174793
10. 0.173363
11. 0.169558
12. 0.173369
13. 0.172628
14. 0.169356
15. 0.169681
16. 0.172087
17. 0.171819
18. 0.174388
19. 0.171055
20. 0.173347
21. 0.172152
22. 0.170185
23. 0.169014
24. 0.172808
25. 0.180382
26. 0.170081
27. 0.179422
28. 0.169003
29. 0.171306
30. 0.173629
31. 0.173002
32. 0.170207
33. 0.170534
34. 0.172816
35. 0.173633
36. 0.170361
37. 0.171985
38. 0.169001
39. 0.171275
40. 0.170917
41. 0.171702
42. 0.173305
43. 0.191822
44. 0.181637
45. 0.176739
46. 0.173391
47. 0.17313
48. 0.172547
49. 0.171932
50. 0.171743
51. 0.171446
52. 0.169919
53. 0.172972
54. 0.169678
55. 0.172093
56. 0.171221
57. 0.169626
58. 0.173995
59. 0.171726
60. 0.171316
61. 0.171999
62. 0.171241
63. 0.172882
64. 0.171456
65. 0.172244
66. 0.173321
67. 0.169532
68. 0.170861
69. 0.173216
70. 0.172559
71. 0.171372
72. 0.174032
73. 0.169115
74. 0.169566
75. 0.170695
76. 0.172345
77. 0.16949
78. 0.173197
79. 0.170913
80. 0.169991
81. 0.17304
82. 0.170946
83. 0.174524
84. 0.170286
85. 0.172941
86. 0.171755
87. 0.171533
88. 0.173264
89. 0.170769
90. 0.172344
91. 0.16955
92. 0.170026
93. 0.170924
94. 0.17319
95. 0.172458
96. 0.171329
97. 0.17104
98. 0.173362
99. 0.171395
100. 0.173311
