1. 0.03012
2. 0.02853
3. 0.029299
4. 0.028627
5. 0.029525
6. 0.035153
7. 0.030743
8. 0.02878
9. 0.02949
10. 0.028626
11. 0.029089
12. 0.028397
13. 0.02951
14. 0.028355
15. 0.02896
16. 0.028826
17. 0.029437
18. 0.028357
19. 0.028961
20. 0.029457
21. 0.029511
22. 0.02916
23. 0.029955
24. 0.028347
25. 0.029225
26. 0.028795
27. 0.028825
28. 0.02837
29. 0.031155
30. 0.029005
31. 0.029006
32. 0.028968
33. 0.03073
34. 0.028438
35. 0.028623
36. 0.028628
37. 0.030612
38. 0.02897
39. 0.028423
40. 0.030445
41. 0.030946
42. 0.029147
43. 0.028871
44. 0.028816
45. 0.03074
46. 0.028984
47. 0.029159
48. 0.028433
49. 0.031185
50. 0.028894
51. 0.028789
52. 0.029531
53. 0.029392
54. 0.028831
55. 0.028676
56. 0.029061
57. 0.029288
58. 0.037132
59. 0.031493
60. 0.030186
61. 0.028887
62. 0.029719
63. 0.028476
64. 0.029166
65. 0.029096
66. 0.028619
67. 0.028811
68. 0.029264
69. 0.028377
70. 0.028907
71. 0.028958
72. 0.029076
73. 0.028482
74. 0.028909
75. 0.029081
76. 0.029351
77. 0.029026
78. 0.029214
79. 0.029083
80. 0.028701
81. 0.028357
82. 0.029395
83. 0.028973
84. 0.029166
85. 0.029395
86. 0.028379
87. 0.028777
88. 0.028646
89. 0.029701
90. 0.028406
91. 0.03392
92. 0.03109
93. 0.028471
94. 0.028465
95. 0.028745
96. 0.029034
97. 0.028843
98. 0.029019
99. 0.028916
100. 0.028614
