1. 0.002058
2. 0.002035
3. 0.002104
4. 0.001976
5. 0.002045
6. 0.002004
7. 0.002064
8. 0.002707
9. 0.002778
10. 0.002637
11. 0.00282
12. 0.002822
13. 0.002788
14. 0.002828
15. 0.002673
16. 0.0028
17. 0.002652
18. 0.002442
19. 0.002129
20. 0.002026
21. 0.002731
22. 0.002093
23. 0.002163
24. 0.002793
25. 0.002691
26. 0.002764
27. 0.002067
28. 0.002778
29. 0.002014
30. 0.002116
31. 0.002716
32. 0.002647
33. 0.00287
34. 0.002046
35. 0.002039
36. 0.001982
37. 0.002072
38. 0.002104
39. 0.002834
40. 0.002398
41. 0.002778
42. 0.002689
43. 0.00274
44. 0.00207
45. 0.002053
46. 0.002217
47. 0.0021
48. 0.002771
49. 0.002778
50. 0.00272
51. 0.002766
52. 0.002757
53. 0.002739
54. 0.002678
55. 0.00279
56. 0.002735
57. 0.002781
58. 0.0027
59. 0.003095
60. 0.002783
61. 0.002864
62. 0.002836
63. 0.002844
64. 0.002832
65. 0.002798
66. 0.002854
67. 0.002788
68. 0.002777
69. 0.002721
70. 0.00249
71. 0.002473
72. 0.002077
73. 0.002861
74. 0.002282
75. 0.002384
76. 0.002048
77. 0.002832
78. 0.002804
79. 0.002802
80. 0.0028
81. 0.002697
82. 0.002516
83. 0.002192
84. 0.00275
85. 0.002554
86. 0.003179
87. 0.002661
88. 0.002774
89. 0.002705
90. 0.002769
91. 0.002508
92. 0.002063
93. 0.00214
94. 0.002092
95. 0.002099
96. 0.002568
97. 0.002708
98. 0.002799
99. 0.002937
100. 0.002909
1. 0.005039
2. 0.002294
3. 0.002328
4. 0.002516
5. 0.002291
6. 0.002257
7. 0.002297
8. 0.002296
9. 0.002289
10. 0.002472
11. 0.002344
12. 0.00232
13. 0.002297
14. 0.002293
15. 0.002287
16. 0.002306
17. 0.002349
18. 0.002298
19. 0.002298
20. 0.002277
21. 0.002281
22. 0.002324
23. 0.002323
24. 0.002244
25. 0.002301
26. 0.002263
27. 0.002315
28. 0.002317
29. 0.002247
30. 0.002305
31. 0.002551
32. 0.002302
33. 0.002311
34. 0.002303
35. 0.002489
36. 0.002298
37. 0.002271
38. 0.002298
39. 0.00228
40. 0.002214
41. 0.002288
42. 0.002354
43. 0.002347
44. 0.002375
45. 0.00229
46. 0.002314
47. 0.002265
48. 0.002223
49. 0.00227
50. 0.002288
51. 0.002386
52. 0.00233
53. 0.002259
54. 0.002303
55. 0.002279
56. 0.002303
57. 0.002294
58. 0.002273
59. 0.002307
60. 0.002263
61. 0.002284
62. 0.002297
63. 0.002288
64. 0.002305
65. 0.00227
66. 0.002282
67. 0.002334
68. 0.002265
69. 0.00225
70. 0.002294
71. 0.002225
72. 0.002297
73. 0.002275
74. 0.002244
75. 0.002288
76. 0.002282
77. 0.002338
78. 0.002272
79. 0.002254
80. 0.002317
81. 0.002257
82. 0.002295
83. 0.002328
84. 0.002243
85. 0.002341
86. 0.00231
87. 0.002342
88. 0.00233
89. 0.002264
90. 0.002323
91. 0.002299
92. 0.002301
93. 0.002322
94. 0.002257
95. 0.002308
96. 0.002318
97. 0.00227
98. 0.002278
99. 0.002222
100. 0.002276
