1. 0.339569
2. 0.342964
3. 0.348415
4. 0.335234
5. 0.33784
6. 0.339637
7. 0.333428
8. 0.335944
9. 0.337932
10. 0.339914
11. 0.339677
12. 0.344508
13. 0.334719
14. 0.334359
15. 0.33983
16. 0.337231
17. 0.342758
18. 0.347985
19. 0.339311
20. 0.344373
21. 0.340966
22. 0.34283
23. 0.339286
24. 0.340994
25. 0.346885
26. 0.339677
27. 0.345378
28. 0.34123
29. 0.52714
30. 0.469349
31. 0.369755
32. 0.35659
33. 0.427265
34. 0.538533
35. 0.366531
36. 0.353684
37. 0.467511
38. 0.342284
39. 0.338301
40. 0.468092
41. 0.387384
42. 0.368817
43. 0.350363
44. 0.467953
45. 0.411223
46. 0.389109
47. 0.478917
48. 0.405155
49. 0.418787
50. 0.384156
51. 0.386953
52. 0.545609
53. 0.650283
54. 0.37096
55. 0.339288
56. 0.337391
57. 0.336563
58. 0.334916
59. 0.345638
60. 0.346965
61. 0.333481
62. 0.340797
63. 0.334947
64. 0.343002
65. 0.34494
66. 0.33981
67. 0.341724
68. 0.334747
69. 0.339694
70. 0.502084
71. 0.43787
72. 0.385529
73. 0.365416
74. 0.341992
75. 0.435101
76. 0.607162
77. 0.431711
78. 0.401763
79. 0.468836
80. 0.393323
81. 0.42867
82. 0.51815
83. 0.529097
84. 0.464232
85. 0.592836
86. 0.531401
87. 0.562513
88. 0.542279
89. 0.605392
90. 0.593691
91. 0.563828
92. 0.638331
93. 0.614992
94. 0.559246
95. 0.571415
96. 0.395769
97. 0.459381
98. 0.347154
99. 0.350484
100. 0.34826
