1. 0.020452
2. 0.014096
3. 0.013594
4. 0.013233
5. 0.013667
6. 0.013519
7. 0.013387
8. 0.013541
9. 0.017453
10. 0.01659
11. 0.013941
12. 0.0136
13. 0.013957
14. 0.013921
15. 0.013528
16. 0.014395
17. 0.014743
18. 0.013517
19. 0.013389
20. 0.013453
21. 0.013228
22. 0.01359
23. 0.013311
24. 0.013499
25. 0.013442
26. 0.017038
27. 0.01324
28. 0.013278
29. 0.013255
30. 0.013511
31. 0.013435
32. 0.01382
33. 0.013542
34. 0.013395
35. 0.013242
36. 0.013314
37. 0.013336
38. 0.013324
39. 0.0138
40. 0.013346
41. 0.013864
42. 0.013322
43. 0.013236
44. 0.013544
45. 0.014262
46. 0.013374
47. 0.015198
48. 0.013617
49. 0.013561
50. 0.013231
51. 0.013348
52. 0.013548
53. 0.013445
54. 0.013561
55. 0.015427
56. 0.013325
57. 0.013478
58. 0.013589
59. 0.013498
60. 0.013292
61. 0.013492
62. 0.013257
63. 0.015333
64. 0.013262
65. 0.013316
66. 0.013468
67. 0.01334
68. 0.013521
69. 0.013268
70. 0.013536
71. 0.015135
72. 0.013365
73. 0.013457
74. 0.013403
75. 0.01331
76. 0.013414
77. 0.013349
78. 0.013339
79. 0.015201
80. 0.013458
81. 0.013394
82. 0.013522
83. 0.01366
84. 0.014168
85. 0.013685
86. 0.013927
87. 0.015019
88. 0.013515
89. 0.013688
90. 0.013469
91. 0.013577
92. 0.013669
93. 0.01341
94. 0.015589
95. 0.013806
96. 0.013679
97. 0.013632
98. 0.013881
99. 0.013548
100. 0.013752
