
0.031075

0.028698

0.028802

0.029539

0.029157

0.028883

0.028603

0.029149

0.028489

0.028652

0.028416

0.028504

0.031116

0.029245

0.02858

0.028915

0.028522

0.029179

0.028466

0.02865

0.029918

0.028639

0.029087

0.029115

0.029063

0.028985

0.028627

0.029158

0.028867

0.029934

0.029218

0.028718

0.028947

0.028522

0.028696

0.028672

0.029588

0.029601

0.029132

0.028782

0.028937

0.028593

0.029035

0.028918

0.029108

0.029622

0.029059

0.029131

0.029093

0.028815

0.028836

0.028576

0.028698

0.02897

0.028952

0.029019

0.028733

0.028472

0.028479

0.029192

0.028352

0.028749

0.029874

0.028636

0.028784

0.028798

0.029081

0.028942

0.02859

0.02902

0.029329

0.029054

0.029015

0.028642

0.028524

0.030456

0.028964

0.028601

0.030005

0.028886

0.028438

0.028938

0.028858

0.028464

0.029142

0.028667

0.029142

0.029312

0.028785

0.028609

0.028597

0.029234

0.028635

0.028982

0.028909

0.028818

0.028424

0.028914

0.028566

0.028565
