1. 0.021062
2. 0.017188
3. 0.013526
4. 0.013403
5. 0.01326
6. 0.014144
7. 0.013773
8. 0.013749
9. 0.013888
10. 0.013807
11. 0.013603
12. 0.0133
13. 0.013351
14. 0.013401
15. 0.013395
16. 0.013284
17. 0.013465
18. 0.013132
19. 0.013471
20. 0.013394
21. 0.013424
22. 0.013657
23. 0.013436
24. 0.013273
25. 0.013449
26. 0.013411
27. 0.013467
28. 0.013316
29. 0.013191
30. 0.013497
31. 0.013227
32. 0.013131
33. 0.013505
34. 0.013354
35. 0.013217
36. 0.013462
37. 0.015392
38. 0.013305
39. 0.013311
40. 0.013418
41. 0.013446
42. 0.013417
43. 0.013479
44. 0.013388
45. 0.013238
46. 0.013352
47. 0.013425
48. 0.013313
49. 0.013346
50. 0.013348
51. 0.013457
52. 0.01348
53. 0.013337
54. 0.013478
55. 0.013348
56. 0.013363
57. 0.013415
58. 0.013323
59. 0.013298
60. 0.013269
61. 0.013402
62. 0.013503
63. 0.013428
64. 0.013385
65. 0.013664
66. 0.013424
67. 0.01327
68. 0.013425
69. 0.013444
70. 0.013389
71. 0.013302
72. 0.01324
73. 0.015511
74. 0.013788
75. 0.013565
76. 0.01335
77. 0.013233
78. 0.013425
79. 0.013483
80. 0.013269
81. 0.013202
82. 0.013329
83. 0.013279
84. 0.013448
85. 0.013204
86. 0.01334
87. 0.013548
88. 0.013274
89. 0.013358
90. 0.013136
91. 0.013437
92. 0.013169
93. 0.013494
94. 0.013823
95. 0.013494
96. 0.013354
97. 0.013465
98. 0.013429
99. 0.013462
100. 0.013258
