1. 0.379671
2. 0.396632
3. 0.415551
4. 0.425062
5. 0.39556
6. 0.645456
7. 0.385119
8. 0.375159
9. 0.380708
10. 0.365551
11. 0.36292
12. 0.368438
13. 0.375729
14. 0.365404
15. 0.396468
16. 0.380246
17. 0.381757
18. 0.371806
19. 0.369632
20. 0.373254
21. 0.372874
22. 0.369656
23. 0.380442
24. 0.377061
25. 0.379485
26. 0.377744
27. 0.377609
28. 0.369346
29. 0.376526
30. 0.379415
31. 0.369274
32. 0.367105
33. 0.380108
34. 0.382641
35. 0.378903
36. 0.380031
37. 0.365012
38. 0.379883
39. 0.376681
40. 0.379401
41. 0.365963
42. 0.376518
43. 0.37304
44. 0.376951
45. 0.364586
46. 0.41449
47. 0.603468
48. 0.4447
49. 0.460902
50. 0.496541
51. 0.415327
52. 0.43061
53. 0.640458
54. 0.456748
55. 0.448454
56. 0.434946
57. 0.401112
58. 0.412231
59. 0.399946
60. 0.385592
61. 0.43305
62. 0.414666
63. 0.38945
64. 0.401464
65. 0.410807
66. 0.478496
67. 0.413826
68. 0.424861
69. 0.415766
70. 0.416923
71. 0.371983
72. 0.4231
73. 0.411985
74. 0.403475
75. 0.437285
76. 0.477648
77. 0.382946
78. 0.368753
79. 0.384616
80. 0.408419
81. 0.37409
82. 0.385107
83. 0.385565
84. 0.388976
85. 0.456297
86. 0.424505
87. 0.409672
88. 0.425269
89. 0.407416
90. 0.423709
91. 0.516078
92. 0.508625
93. 0.497699
94. 0.402128
95. 0.405742
96. 0.432222
97. 0.371104
98. 0.396755
99. 0.396091
100. 0.40937
