1. 0.011823
2. 0.011152
3. 0.011142
4. 0.011407
5. 0.011237
6. 0.011161
7. 0.011065
8. 0.011096
9. 0.01106
10. 0.011041
11. 0.011051
12. 0.01106
13. 0.011494
14. 0.011175
15. 0.011058
16. 0.011032
17. 0.01107
18. 0.011019
19. 0.01138
20. 0.011042
21. 0.011008
22. 0.011366
23. 0.011106
24. 0.011026
25. 0.011043
26. 0.010997
27. 0.011184
28. 0.011382
29. 0.011054
30. 0.010999
31. 0.011279
32. 0.011413
33. 0.011018
34. 0.011045
35. 0.011017
36. 0.011084
37. 0.011008
38. 0.011117
39. 0.011058
40. 0.011085
41. 0.010998
42. 0.011565
43. 0.011013
44. 0.011226
45. 0.011035
46. 0.011104
47. 0.011029
48. 0.011158
49. 0.011044
50. 0.011081
51. 0.011068
52. 0.012482
53. 0.011043
54. 0.011046
55. 0.011038
56. 0.01103
57. 0.011036
58. 0.011061
59. 0.011033
60. 0.011069
61. 0.011039
62. 0.01107
63. 0.011034
64. 0.011047
65. 0.010993
66. 0.011133
67. 0.011052
68. 0.011122
69. 0.011021
70. 0.011055
71. 0.010998
72. 0.011116
73. 0.011027
74. 0.011023
75. 0.011085
76. 0.011048
77. 0.011027
78. 0.010982
79. 0.011054
80. 0.010997
81. 0.011392
82. 0.011022
83. 0.011111
84. 0.010989
85. 0.01112
86. 0.010998
87. 0.011092
88. 0.011004
89. 0.01106
90. 0.011031
91. 0.012779
92. 0.011084
93. 0.011068
94. 0.01104
95. 0.011051
96. 0.011058
97. 0.011028
98. 0.011011
99. 0.011046
100. 0.011046
