1. 0.001647
2. 0.00094
3. 0.000964
4. 0.000906
5. 0.000932
6. 0.000938
7. 0.000931
8. 0.000906
9. 0.000909
10. 0.001076
11. 0.000906
12. 0.000929
13. 0.000925
14. 0.00093
15. 0.000906
16. 0.000905
17. 0.000906
18. 0.000906
19. 0.000905
20. 0.000925
21. 0.000929
22. 0.000937
23. 0.000942
24. 0.000905
25. 0.000937
26. 0.000937
27. 0.000937
28. 0.000931
29. 0.000906
30. 0.000905
31. 0.000905
32. 0.000906
33. 0.000906
34. 0.00099
35. 0.001041
36. 0.000937
37. 0.000906
38. 0.000906
39. 0.000906
40. 0.000907
41. 0.00097
42. 0.000949
43. 0.001019
44. 0.000949
45. 0.000907
46. 0.000906
47. 0.000913
48. 0.000905
49. 0.000943
50. 0.000906
51. 0.000994
52. 0.000936
53. 0.000906
54. 0.000935
55. 0.000943
56. 0.000937
57. 0.000906
58. 0.000906
59. 0.000925
60. 0.000909
61. 0.000915
62. 0.000906
63. 0.000906
64. 0.000906
65. 0.000915
66. 0.000906
67. 0.000906
68. 0.000913
69. 0.000905
70. 0.000932
71. 0.000906
72. 0.000905
73. 0.000905
74. 0.000916
75. 0.000911
76. 0.000905
77. 0.000943
78. 0.000906
79. 0.000906
80. 0.000906
81. 0.001275
82. 0.001282
83. 0.000906
84. 0.000905
85. 0.000913
86. 0.000906
87. 0.000929
88. 0.000933
89. 0.000905
90. 0.000906
91. 0.000906
92. 0.000954
93. 0.000906
94. 0.000928
95. 0.000906
96. 0.000905
97. 0.000906
98. 0.000905
99. 0.000957
100. 0.000925
