1. 0.130781
2. 0.129532
3. 0.129296
4. 0.1295
5. 0.129875
6. 0.129835
7. 0.129799
8. 0.129148
9. 0.12972
10. 0.134403
11. 0.133701
12. 0.129751
13. 0.132032
14. 0.130111
15. 0.135631
16. 0.13322
17. 0.129411
18. 0.135841
19. 0.131441
20. 0.130342
21. 0.129379
22. 0.129189
23. 0.129594
24. 0.129271
25. 0.129478
26. 0.129437
27. 0.129424
28. 0.12944
29. 0.129456
30. 0.129636
31. 0.129128
32. 0.130677
33. 0.13422
34. 0.129572
35. 0.129371
36. 0.129346
37. 0.129206
38. 0.129152
39. 0.129287
40. 0.129178
41. 0.129527
42. 0.12924
43. 0.129615
44. 0.129518
45. 0.130119
46. 0.129815
47. 0.129583
48. 0.129526
49. 0.129607
50. 0.129639
51. 0.1304
52. 0.130087
53. 0.133664
54. 0.131331
55. 0.129958
56. 0.130174
57. 0.145849
58. 0.129559
59. 0.129865
60. 0.132171
61. 0.131273
62. 0.130536
63. 0.129731
64. 0.130599
65. 0.130136
66. 0.132847
67. 0.130317
68. 0.140204
69. 0.130177
70. 0.130355
71. 0.129772
72. 0.133513
73. 0.135558
74. 0.162321
75. 0.130441
76. 0.136765
77. 0.13587
78. 0.134352
79. 0.138407
80. 0.135155
81. 0.130366
82. 0.132547
83. 0.130647
84. 0.13133
85. 0.15155
86. 0.13269
87. 0.132522
88. 0.13159
89. 0.129627
90. 0.129674
91. 0.129732
92. 0.129324
93. 0.131538
94. 0.132133
95. 0.129443
96. 0.130115
97. 0.129469
98. 0.129706
99. 0.129685
100. 0.12978
