1. 0.00549
2. 0.005421
3. 0.0052
4. 0.005241
5. 0.005263
6. 0.005476
7. 0.00523
8. 0.005316
9. 0.006811
10. 0.005339
11. 0.005271
12. 0.00523
13. 0.005266
14. 0.005232
15. 0.005198
16. 0.005249
17. 0.005227
18. 0.005247
19. 0.005205
20. 0.005244
21. 0.005295
22. 0.005249
23. 0.005231
24. 0.005253
25. 0.005266
26. 0.005229
27. 0.005224
28. 0.0052
29. 0.00524
30. 0.005211
31. 0.005225
32. 0.005219
33. 0.00527
34. 0.005241
35. 0.005204
36. 0.005228
37. 0.005231
38. 0.005225
39. 0.005198
40. 0.005225
41. 0.005227
42. 0.005228
43. 0.00524
44. 0.005226
45. 0.005305
46. 0.005377
47. 0.005382
48. 0.005262
49. 0.00545
50. 0.005215
51. 0.005213
52. 0.005213
53. 0.005322
54. 0.005393
55. 0.005247
56. 0.005238
57. 0.005282
58. 0.00521
59. 0.005207
60. 0.005227
61. 0.005502
62. 0.005224
63. 0.00524
64. 0.005261
65. 0.005272
66. 0.005236
67. 0.005262
68. 0.005278
69. 0.005282
70. 0.005264
71. 0.005217
72. 0.005261
73. 0.005239
74. 0.005249
75. 0.005292
76. 0.005277
77. 0.005292
78. 0.005277
79. 0.005276
80. 0.005229
81. 0.005292
82. 0.00525
83. 0.00525
84. 0.005262
85. 0.005308
86. 0.005285
87. 0.005269
88. 0.005256
89. 0.005365
90. 0.005292
91. 0.005244
92. 0.005516
93. 0.005367
94. 0.005253
95. 0.005396
96. 0.005493
97. 0.005408
98. 0.00528
99. 0.005216
100. 0.005258
