1. 0.06335
2. 0.061679
3. 0.061632
4. 0.061699
5. 0.061728
6. 0.061587
7. 0.063001
8. 0.062047
9. 0.061546
10. 0.061549
11. 0.061604
12. 0.061952
13. 0.061535
14. 0.061616
15. 0.061617
16. 0.061591
17. 0.061616
18. 0.063127
19. 0.061459
20. 0.061523
21. 0.061623
22. 0.063426
23. 0.061899
24. 0.06155
25. 0.061475
26. 0.061586
27. 0.061888
28. 0.061483
29. 0.061576
30. 0.061564
31. 0.06155
32. 0.061599
33. 0.063078
34. 0.061488
35. 0.061501
36. 0.061506
37. 0.061535
38. 0.061943
39. 0.061657
40. 0.061567
41. 0.061571
42. 0.061708
43. 0.06159
44. 0.063307
45. 0.061511
46. 0.061605
47. 0.062038
48. 0.063089
49. 0.0619
50. 0.061628
51. 0.062904
52. 0.061608
53. 0.061972
54. 0.061838
55. 0.061969
56. 0.06162
57. 0.061545
58. 0.061527
59. 0.062936
60. 0.061653
61. 0.06174
62. 0.061622
63. 0.061921
64. 0.061952
65. 0.062087
66. 0.062043
67. 0.062161
68. 0.061648
69. 0.061707
70. 0.063391
71. 0.061514
72. 0.06223
73. 0.063553
74. 0.064191
75. 0.062938
76. 0.061953
77. 0.061577
78. 0.062438
79. 0.061659
80. 0.063324
81. 0.063958
82. 0.062182
83. 0.062133
84. 0.06192
85. 0.063359
86. 0.062114
87. 0.061813
88. 0.061758
89. 0.061564
90. 0.061731
91. 0.061533
92. 0.061533
93. 0.061518
94. 0.061521
95. 0.061733
96. 0.063861
97. 0.061852
98. 0.063565
99. 0.06325
100. 0.061911
