1. 0.265278
2. 0.264744
3. 0.268007
4. 0.264131
5. 0.264243
6. 0.264652
7. 0.264528
8. 0.266056
9. 0.269586
10. 0.265589
11. 0.264618
12. 0.264341
13. 0.264489
14. 0.268477
15. 0.265258
16. 0.264315
17. 0.264695
18. 0.264589
19. 0.264685
20. 0.264267
21. 0.264211
22. 0.26442
23. 0.264673
24. 0.264338
25. 0.269658
26. 0.265259
27. 0.266058
28. 0.267302
29. 0.264526
30. 0.265738
31. 0.266199
32. 0.266843
33. 0.264646
34. 0.264488
35. 0.264613
36. 0.264778
37. 0.265615
38. 0.264586
39. 0.26435
40. 0.264593
41. 0.264029
42. 0.271401
43. 0.264299
44. 0.265619
45. 0.264684
46. 0.264448
47. 0.265523
48. 0.264276
49. 0.264927
50. 0.264388
51. 0.26493
52. 0.264883
53. 0.264911
54. 0.265571
55. 0.264734
56. 0.264691
57. 0.264968
58. 0.264677
59. 0.267813
60. 0.264662
61. 0.26572
62. 0.264877
63. 0.265181
64. 0.268068
65. 0.264255
66. 0.266901
67. 0.264423
68. 0.264744
69. 0.267948
70. 0.265013
71. 0.265901
72. 0.264391
73. 0.265249
74. 0.266
75. 0.265009
76. 0.270494
77. 0.265058
78. 0.26469
79. 0.265145
80. 0.264846
81. 0.26718
82. 0.265571
83. 0.266335
84. 0.265415
85. 0.265371
86. 0.265556
87. 0.266391
88. 0.266277
89. 0.26638
90. 0.265285
91. 0.265449
92. 0.26783
93. 0.265102
94. 0.267324
95. 0.265123
96. 0.265439
97. 0.26566
98. 0.26617
99. 0.2658
100. 0.269247
