1. 0.003216
2. 0.00308
3. 0.002933
4. 0.003368
5. 0.002998
6. 0.003547
7. 0.002708
8. 0.002085
9. 0.001771
10. 0.001792
11. 0.001758
12. 0.001934
13. 0.001811
14. 0.001871
15. 0.001932
16. 0.00291
17. 0.002069
18. 0.001846
19. 0.002228
20. 0.001992
21. 0.002109
22. 0.001758
23. 0.001643
24. 0.00193
25. 0.002099
26. 0.00201
27. 0.001963
28. 0.001715
29. 0.001814
30. 0.001914
31. 0.001755
32. 0.001836
33. 0.001903
34. 0.001994
35. 0.001952
36. 0.002012
37. 0.001809
38. 0.002141
39. 0.001706
40. 0.00168
41. 0.001965
42. 0.001783
43. 0.001676
44. 0.001943
45. 0.002045
46. 0.00184
47. 0.001872
48. 0.001823
49. 0.001789
50. 0.001814
51. 0.002029
52. 0.001778
53. 0.001804
54. 0.00187
55. 0.001904
56. 0.001951
57. 0.002015
58. 0.001839
59. 0.001784
60. 0.001865
61. 0.001886
62. 0.001984
63. 0.001794
64. 0.00195
65. 0.001915
66. 0.001802
67. 0.001794
68. 0.001924
69. 0.001775
70. 0.001784
71. 0.001817
72. 0.001878
73. 0.001896
74. 0.001928
75. 0.001752
76. 0.001998
77. 0.001753
78. 0.001656
79. 0.001836
80. 0.001733
81. 0.00175
82. 0.001894
83. 0.001793
84. 0.001673
85. 0.001937
86. 0.001905
87. 0.001847
88. 0.001755
89. 0.001726
90. 0.002005
91. 0.001869
92. 0.002008
93. 0.001911
94. 0.001865
95. 0.001801
96. 0.001871
97. 0.001946
98. 0.001955
99. 0.001857
100. 0.002024
