1. 0.185513
2. 0.187387
3. 0.185573
4. 0.181032
5. 0.181823
6. 0.18301
7. 0.17993
8. 0.182022
9. 0.182237
10. 0.181404
11. 0.183487
12. 0.178599
13. 0.181775
14. 0.183742
15. 0.179272
16. 0.178823
17. 0.177542
18. 0.186657
19. 0.182017
20. 0.17902
21. 0.188448
22. 0.177743
23. 0.184136
24. 0.182328
25. 0.183764
26. 0.183542
27. 0.183331
28. 0.181371
29. 0.183733
30. 0.182969
31. 0.185835
32. 0.187232
33. 0.181426
34. 0.181239
35. 0.186135
36. 0.180852
37. 0.182561
38. 0.182337
39. 0.180215
40. 0.187588
41. 0.181614
42. 0.187318
43. 0.181159
44. 0.185904
45. 0.178623
46. 0.182865
47. 0.181131
48. 0.182904
49. 0.178658
50. 0.18381
51. 0.179028
52. 0.183846
53. 0.182293
54. 0.177773
55. 0.18086
56. 0.181056
57. 0.179107
58. 0.177627
59. 0.178691
60. 0.176636
61. 0.176828
62. 0.182887
63. 0.178896
64. 0.182179
65. 0.180862
66. 0.180223
67. 0.187456
68. 0.182733
69. 0.184075
70. 0.186212
71. 0.183809
72. 0.18651
73. 0.178869
74. 0.18974
75. 0.184971
76. 0.181942
77. 0.180242
78. 0.187509
79. 0.187187
80. 0.179713
81. 0.182556
82. 0.184468
83. 0.181943
84. 0.184601
85. 0.18992
86. 0.182869
87. 0.18392
88. 0.184479
89. 0.17955
90. 0.187184
91. 0.184933
92. 0.183666
93. 0.176891
94. 0.177613
95. 0.181009
96. 0.183799
97. 0.183388
98. 0.18526
99. 0.172752
100. 0.186458
