1. 0.127993
2. 0.745957
3. 0.779076
4. 0.758076
5. 0.130428
6. 0.800827
7. 0.807156
8. 0.719658
9. 0.76649
10. 0.803786
11. 0.849077
12. 0.738572
13. 0.804953
14. 0.729612
15. 0.795418
16. 0.744875
17. 0.738052
18. 0.777129
19. 0.128663
20. 0.780915
21. 0.848103
22. 0.853404
23. 0.796062
24. 0.72681
25. 0.746398
26. 0.756933
27. 0.78999
28. 0.823556
29. 0.127942
30. 0.127838
31. 0.702556
32. 0.847344
33. 0.129671
34. 0.777195
35. 0.743483
36. 0.757237
37. 0.81355
38. 0.127702
39. 0.770099
40. 0.12906
41. 0.768064
42. 0.832077
43. 0.829176
44. 0.75816
45. 0.128368
46. 0.840948
47. 0.12811
48. 0.739579
49. 0.803987
50. 0.128359
51. 0.724122
52. 0.828676
53. 0.131833
54. 0.129851
55. 0.864006
56. 0.772652
57. 0.823973
58. 0.127753
59. 0.129497
60. 0.76515
61. 0.829376
62. 0.784318
63. 0.826078
64. 0.839155
65. 0.759198
66. 0.826173
67. 0.766323
68. 0.823048
69. 0.133129
70. 0.748864
71. 0.130953
72. 0.768381
73. 0.770663
74. 0.129321
75. 0.839572
76. 0.764985
77. 0.760012
78. 0.127278
79. 0.722322
80. 0.753858
81. 0.760305
82. 0.747607
83. 0.840267
84. 0.798028
85. 0.847721
86. 0.815585
87. 0.787948
88. 0.774092
89. 0.878081
90. 0.802431
91. 0.749018
92. 0.128487
93. 0.727498
94. 0.791933
95. 0.836342
96. 0.753576
97. 0.760441
98. 0.733896
99. 0.790875
100. 0.779293
