1. 0.046544
2. 0.046985
3. 0.044388
4. 0.045482
5. 0.044733
6. 0.046732
7. 0.044633
8. 0.046315
9. 0.043299
10. 0.046539
11. 0.04595
12. 0.045213
13. 0.04556
14. 0.045771
15. 0.047208
16. 0.043306
17. 0.04631
18. 0.04686
19. 0.045182
20. 0.047727
21. 0.045748
22. 0.044305
23. 0.044537
24. 0.044507
25. 0.043817
26. 0.046197
27. 0.046766
28. 0.045565
29. 0.044878
30. 0.045515
31. 0.041019
32. 0.045142
33. 0.045633
34. 0.045139
35. 0.044324
36. 0.044656
37. 0.041607
38. 0.044758
39. 0.043141
40. 0.044811
41. 0.046331
42. 0.047321
43. 0.044282
44. 0.046166
45. 0.045502
46. 0.047263
47. 0.045243
48. 0.045814
49. 0.044353
50. 0.045592
51. 0.044133
52. 0.045083
53. 0.047469
54. 0.044649
55. 0.045322
56. 0.044565
57. 0.044747
58. 0.045959
59. 0.04541
60. 0.045369
61. 0.044587
62. 0.046106
63. 0.047313
64. 0.046952
65. 0.043369
66. 0.044265
67. 0.045944
68. 0.043854
69. 0.0434
70. 0.045788
71. 0.044228
72. 0.047515
73. 0.045809
74. 0.044048
75. 0.047148
76. 0.045781
77. 0.043814
78. 0.044562
79. 0.047652
80. 0.043243
81. 0.04618
82. 0.04668
83. 0.04691
84. 0.045935
85. 0.04513
86. 0.046112
87. 0.044384
88. 0.047761
89. 0.045199
90. 0.045819
91. 0.045893
92. 0.04551
93. 0.046401
94. 0.044993
95. 0.046946
96. 0.04604
97. 0.04608
98. 0.046792
99. 0.046268
100. 0.047756
