1. 0.006164
2. 0.00198
3. 0.001849
4. 0.001748
5. 0.001824
6. 0.001683
7. 0.001614
8. 0.001839
9. 0.001767
10. 0.001662
11. 0.001806
12. 0.001715
13. 0.001756
14. 0.001662
15. 0.001751
16. 0.001753
17. 0.001787
18. 0.001965
19. 0.001752
20. 0.00161
21. 0.001632
22. 0.001608
23. 0.00175
24. 0.001759
25. 0.001782
26. 0.001891
27. 0.001695
28. 0.001726
29. 0.001852
30. 0.00191
31. 0.001709
32. 0.001752
33. 0.001796
34. 0.001873
35. 0.001857
36. 0.001766
37. 0.001644
38. 0.001861
39. 0.001523
40. 0.001617
41. 0.001632
42. 0.001833
43. 0.001882
44. 0.00183
45. 0.0016
46. 0.001619
47. 0.001631
48. 0.001751
49. 0.001912
50. 0.001712
51. 0.001708
52. 0.001913
53. 0.001552
54. 0.001727
55. 0.001573
56. 0.001655
57. 0.001692
58. 0.001824
59. 0.001738
60. 0.001765
61. 0.001788
62. 0.001753
63. 0.001696
64. 0.001715
65. 0.001792
66. 0.001653
67. 0.001935
68. 0.001774
69. 0.001857
70. 0.001604
71. 0.00171
72. 0.001935
73. 0.001593
74. 0.001813
75. 0.001914
76. 0.001986
77. 0.001993
78. 0.001978
79. 0.001925
80. 0.001823
81. 0.001757
82. 0.00161
83. 0.001881
84. 0.001955
85. 0.001757
86. 0.001782
87. 0.001849
88. 0.001943
89. 0.001786
90. 0.001723
91. 0.001905
92. 0.001838
93. 0.001746
94. 0.001663
95. 0.001613
96. 0.001667
97. 0.001853
98. 0.001646
99. 0.001675
100. 0.00186
