1. 0.020091
2. 0.019089
3. 0.018926
4. 0.019001
5. 0.018886
6. 0.01924
7. 0.018046
8. 0.019223
9. 0.019008
10. 0.019316
11. 0.019393
12. 0.019739
13. 0.019167
14. 0.019107
15. 0.01893
16. 0.019317
17. 0.019385
18. 0.018397
19. 0.018304
20. 0.020111
21. 0.018378
22. 0.019603
23. 0.021643
24. 0.019134
25. 0.019967
26. 0.019652
27. 0.019246
28. 0.019499
29. 0.017627
30. 0.018377
31. 0.01979
32. 0.018785
33. 0.018966
34. 0.018288
35. 0.01892
36. 0.021543
37. 0.018977
38. 0.018693
39. 0.018695
40. 0.018473
41. 0.019264
42. 0.018468
43. 0.018984
44. 0.019245
45. 0.018647
46. 0.019685
47. 0.018974
48. 0.018668
49. 0.020831
50. 0.019466
51. 0.019322
52. 0.020224
53. 0.018247
54. 0.019505
55. 0.019489
56. 0.019838
57. 0.019692
58. 0.019808
59. 0.018535
60. 0.019216
61. 0.019949
62. 0.019397
63. 0.018929
64. 0.019802
65. 0.020201
66. 0.019547
67. 0.019532
68. 0.018429
69. 0.020711
70. 0.019023
71. 0.018704
72. 0.017629
73. 0.018611
74. 0.018429
75. 0.019615
76. 0.01982
77. 0.0179
78. 0.019555
79. 0.019733
80. 0.01831
81. 0.01928
82. 0.018767
83. 0.019482
84. 0.018722
85. 0.017927
86. 0.018946
87. 0.020514
88. 0.018657
89. 0.019343
90. 0.018338
91. 0.018572
92. 0.019657
93. 0.019518
94. 0.018298
95. 0.018921
96. 0.019155
97. 0.01918
98. 0.017861
99. 0.018092
100. 0.019543
