1. 0.198112
2. 0.196313
3. 0.194795
4. 0.186443
5. 0.202553
6. 0.192404
7. 0.1925
8. 0.197254
9. 0.193306
10. 0.195165
11. 0.193948
12. 0.190977
13. 0.197643
14. 0.193826
15. 0.189812
16. 0.185559
17. 0.1952
18. 0.180624
19. 0.187467
20. 0.200714
21. 0.187062
22. 0.198468
23. 0.191203
24. 0.196233
25. 0.194011
26. 0.195576
27. 0.18693
28. 0.196441
29. 0.189717
30. 0.194034
31. 0.188666
32. 0.185833
33. 0.193182
34. 0.188643
35. 0.194709
36. 0.189834
37. 0.192099
38. 0.193176
39. 0.19932
40. 0.190681
41. 0.189594
42. 0.192389
43. 0.190571
44. 0.192122
45. 0.191507
46. 0.189863
47. 0.192208
48. 0.188211
49. 0.195689
50. 0.191326
51. 0.191253
52. 0.191113
53. 0.195047
54. 0.196227
55. 0.189699
56. 0.192883
57. 0.187954
58. 0.194123
59. 0.195185
60. 0.189285
61. 0.188693
62. 0.189502
63. 0.191303
64. 0.191122
65. 0.191775
66. 0.189059
67. 0.188504
68. 0.190501
69. 0.193128
70. 0.195835
71. 0.194135
72. 0.200572
73. 0.192823
74. 0.192813
75. 0.198064
76. 0.205723
77. 0.193247
78. 0.187493
79. 0.188872
80. 0.19509
81. 0.18772
82. 0.193655
83. 0.193599
84. 0.188014
85. 0.192865
86. 0.18271
87. 0.195066
88. 0.189518
89. 0.190299
90. 0.191632
91. 0.188909
92. 0.188734
93. 0.196315
94. 0.192714
95. 0.197149
96. 0.190789
97. 0.19158
98. 0.208821
99. 0.196094
100. 0.200608
