1. 0.009645
2. 0.009271
3. 0.009793
4. 0.010272
5. 0.009698
6. 0.009193
7. 0.009622
8. 0.009228
9. 0.009658
10. 0.009086
11. 0.009591
12. 0.009914
13. 0.009035
14. 0.009717
15. 0.009276
16. 0.009752
17. 0.008725
18. 0.008697
19. 0.008771
20. 0.009419
21. 0.009152
22. 0.008778
23. 0.009757
24. 0.0113
25. 0.009546
26. 0.009203
27. 0.010116
28. 0.009181
29. 0.009758
30. 0.009203
31. 0.009497
32. 0.008973
33. 0.009436
34. 0.009329
35. 0.008806
36. 0.009678
37. 0.008991
38. 0.009
39. 0.009071
40. 0.009757
41. 0.010397
42. 0.009346
43. 0.009844
44. 0.008921
45. 0.009349
46. 0.009627
47. 0.0094
48. 0.009644
49. 0.00888
50. 0.008879
51. 0.00899
52. 0.008847
53. 0.009674
54. 0.009049
55. 0.009734
56. 0.009251
57. 0.009307
58. 0.009257
59. 0.008968
60. 0.010316
61. 0.009335
62. 0.009508
63. 0.009182
64. 0.009495
65. 0.009737
66. 0.009281
67. 0.009567
68. 0.009681
69. 0.009504
70. 0.009186
71. 0.010523
72. 0.009315
73. 0.010256
74. 0.009779
75. 0.009431
76. 0.009206
77. 0.010385
78. 0.008828
79. 0.009791
80. 0.009139
81. 0.008982
82. 0.009955
83. 0.009593
84. 0.010177
85. 0.01093
86. 0.009737
87. 0.008887
88. 0.009524
89. 0.010105
90. 0.010339
91. 0.00882
92. 0.008869
93. 0.008954
94. 0.008822
95. 0.009468
96. 0.00948
97. 0.009647
98. 0.009616
99. 0.008408
100. 0.009113
