1. 0.098683
2. 0.09387
3. 0.098376
4. 0.096925
5. 0.0982
6. 0.092434
7. 0.096512
8. 0.098357
9. 0.094666
10. 0.098899
11. 0.094517
12. 0.095067
13. 0.095831
14. 0.094018
15. 0.095761
16. 0.092645
17. 0.095908
18. 0.095898
19. 0.094573
20. 0.09364
21. 0.093019
22. 0.093022
23. 0.094254
24. 0.096285
25. 0.091142
26. 0.096019
27. 0.095016
28. 0.092381
29. 0.09675
30. 0.096107
31. 0.097047
32. 0.092905
33. 0.098653
34. 0.093434
35. 0.0973
36. 0.100144
37. 0.099309
38. 0.094073
39. 0.096847
40. 0.092694
41. 0.09405
42. 0.093873
43. 0.098653
44. 0.096786
45. 0.091903
46. 0.096145
47. 0.092525
48. 0.097894
49. 0.091399
50. 0.091062
51. 0.095585
52. 0.095465
53. 0.096464
54. 0.095736
55. 0.098403
56. 0.093728
57. 0.093711
58. 0.094677
59. 0.094259
60. 0.095055
61. 0.098802
62. 0.095875
63. 0.09447
64. 0.093206
65. 0.089505
66. 0.094869
67. 0.097421
68. 0.095765
69. 0.093308
70. 0.096708
71. 0.099074
72. 0.098958
73. 0.092207
74. 0.094802
75. 0.100875
76. 0.09664
77. 0.100871
78. 0.09441
79. 0.092035
80. 0.102305
81. 0.093689
82. 0.100049
83. 0.091622
84. 0.099014
85. 0.093475
86. 0.095212
87. 0.097069
88. 0.094948
89. 0.096054
90. 0.105336
91. 0.103731
92. 0.094591
93. 0.09714
94. 0.094588
95. 0.098561
96. 0.096458
97. 0.10187
98. 0.094706
99. 0.101549
100. 0.096094
