1. 0.010318
2. 0.00986
3. 0.009315
4. 0.009116
5. 0.009632
6. 0.009288
7. 0.010476
8. 0.016082
9. 0.014557
10. 0.009074
11. 0.009233
12. 0.009379
13. 0.009312
14. 0.009542
15. 0.009321
16. 0.009788
17. 0.009751
18. 0.009341
19. 0.009221
20. 0.009336
21. 0.009542
22. 0.00923
23. 0.011428
24. 0.009451
25. 0.009198
26. 0.009138
27. 0.009275
28. 0.009509
29. 0.012777
30. 0.014523
31. 0.009484
32. 0.009339
33. 0.009052
34. 0.008998
35. 0.009156
36. 0.00941
37. 0.009055
38. 0.009191
39. 0.009768
40. 0.009426
41. 0.009224
42. 0.008993
43. 0.009268
44. 0.009529
45. 0.009107
46. 0.009225
47. 0.008913
48. 0.00944
49. 0.008977
50. 0.00966
51. 0.009261
52. 0.010934
53. 0.013448
54. 0.009242
55. 0.009385
56. 0.009263
57. 0.009129
58. 0.009201
59. 0.0096
60. 0.009501
61. 0.00951
62. 0.009385
63. 0.009214
64. 0.009272
65. 0.009318
66. 0.0099
67. 0.009257
68. 0.011065
69. 0.009425
70. 0.009503
71. 0.00943
72. 0.009527
73. 0.009221
74. 0.009169
75. 0.009919
76. 0.009389
77. 0.0156
78. 0.009821
79. 0.00897
80. 0.009084
81. 0.009482
82. 0.008997
83. 0.009058
84. 0.008919
85. 0.009225
86. 0.009296
87. 0.009381
88. 0.009419
89. 0.009337
90. 0.009777
91. 0.009102
92. 0.009415
93. 0.00911
94. 0.008719
95. 0.009202
96. 0.009064
97. 0.009112
98. 0.009068
99. 0.009547
100. 0.00928
