1. 0.273785
2. 0.271765
3. 0.269909
4. 0.271127
5. 0.271059
6. 0.271073
7. 0.270108
8. 0.270579
9. 0.270942
10. 0.270398
11. 0.272478
12. 0.271519
13. 0.271102
14. 0.269906
15. 0.270736
16. 0.271219
17. 0.270711
18. 0.270415
19. 0.270161
20. 0.271075
21. 0.272217
22. 0.271326
23. 0.272156
24. 0.269974
25. 0.269756
26. 0.271471
27. 0.27114
28. 0.274324
29. 0.270184
30. 0.269802
31. 0.27001
32. 0.270714
33. 0.271183
34. 0.270654
35. 0.270507
36. 0.269964
37. 0.27085
38. 0.271761
39. 0.270704
40. 0.270284
41. 0.269753
42. 0.269831
43. 0.272468
44. 0.270946
45. 0.270802
46. 0.270354
47. 0.269957
48. 0.270859
49. 0.270806
50. 0.270681
51. 0.270288
52. 0.269895
53. 0.269975
54. 0.270561
55. 0.271083
56. 0.270925
57. 0.270197
58. 0.269959
59. 0.270663
60. 0.270447
61. 0.27082
62. 0.271481
63. 0.270573
64. 0.270108
65. 0.270541
66. 0.273947
67. 0.2708
68. 0.270187
69. 0.269997
70. 0.2703
71. 0.270834
72. 0.270695
73. 0.276408
74. 0.270364
75. 0.269872
76. 0.270689
77. 0.271418
78. 0.270783
79. 0.270442
80. 0.269774
81. 0.270219
82. 0.270555
83. 0.270887
84. 0.270475
85. 0.270462
86. 0.269822
87. 0.27049
88. 0.27142
89. 0.27143
90. 0.273252
91. 0.269798
92. 0.270342
93. 0.27077
94. 0.271323
95. 0.270621
96. 0.274305
97. 0.269745
98. 0.271295
99. 0.272356
100. 0.271231
