1. 0.90063
2. 0.885988
3. 0.890427
4. 0.881232
5. 0.880021
6. 0.884267
7. 0.872616
8. 0.904162
9. 0.875639
10. 0.883056
11. 0.889022
12. 0.904941
13. 0.895261
14. 0.884058
15. 0.899709
16. 0.875941
17. 0.885747
18. 0.888851
19. 0.86213
20. 0.875749
21. 0.874862
22. 0.879345
23. 0.873069
24. 0.897751
25. 0.904618
26. 0.890635
27. 0.885633
28. 0.895178
29. 0.882611
30. 0.87204
31. 0.889085
32. 0.895793
33. 0.889334
34. 0.884663
35. 0.884703
36. 0.884956
37. 0.889874
38. 0.90154
39. 0.890652
40. 0.879946
41. 0.891378
42. 0.878999
43. 0.883439
44. 0.89177
45. 0.883697
46. 0.885768
47. 0.881072
48. 0.882934
49. 0.884492
50. 0.881176
51. 0.880339
52. 0.885706
53. 0.879811
54. 0.891909
55. 0.877007
56. 0.881678
57. 0.883541
58. 0.877718
59. 0.87808
60. 0.887474
61. 0.876718
62. 0.882599
63. 0.881962
64. 0.875693
65. 0.885584
66. 0.875632
67. 0.881345
68. 0.874531
69. 0.890645
70. 0.892197
71. 0.892701
72. 0.879841
73. 0.887621
74. 0.879618
75. 0.898584
76. 0.877964
77. 0.887989
78. 0.881245
79. 0.88521
80. 0.886734
81. 0.884092
82. 0.883446
83. 0.893988
84. 0.871109
85. 0.884198
86. 0.871995
87. 0.896121
88. 0.886932
89. 0.887259
90. 0.880846
91. 0.904766
92. 0.891648
93. 0.899625
94. 0.893528
95. 0.894425
96. 0.880566
97. 0.904811
98. 0.887599
99. 0.878472
100. 0.883176
