1. 0.22227
2. 0.223719
3. 0.225314
4. 0.223148
5. 0.218966
6. 0.222609
7. 0.223144
8. 0.220178
9. 0.221122
10. 0.230928
11. 0.224161
12. 0.229718
13. 0.214402
14. 0.220972
15. 0.224127
16. 0.220457
17. 0.220347
18. 0.222863
19. 0.222065
20. 0.214553
21. 0.221567
22. 0.220236
23. 0.2174
24. 0.215027
25. 0.218258
26. 0.219002
27. 0.240832
28. 0.22523
29. 0.218292
30. 0.214902
31. 0.221227
32. 0.227665
33. 0.21964
34. 0.220258
35. 0.220827
36. 0.220464
37. 0.218605
38. 0.216829
39. 0.223179
40. 0.214498
41. 0.220543
42. 0.220069
43. 0.221229
44. 0.219644
45. 0.226023
46. 0.220076
47. 0.222296
48. 0.21816
49. 0.216842
50. 0.218584
51. 0.220492
52. 0.226329
53. 0.218437
54. 0.224799
55. 0.222164
56. 0.226556
57. 0.218916
58. 0.219215
59. 0.217299
60. 0.218806
61. 0.218014
62. 0.219629
63. 0.226537
64. 0.216883
65. 0.219466
66. 0.21669
67. 0.221729
68. 0.22008
69. 0.222459
70. 0.220729
71. 0.217659
72. 0.216212
73. 0.220539
74. 0.223362
75. 0.221198
76. 0.221682
77. 0.218228
78. 0.220642
79. 0.220699
80. 0.220609
81. 0.218029
82. 0.222471
83. 0.220576
84. 0.219518
85. 0.219799
86. 0.21888
87. 0.22573
88. 0.218881
89. 0.220014
90. 0.220849
91. 0.224846
92. 0.221303
93. 0.221525
94. 0.223629
95. 0.221811
96. 0.222635
97. 0.218063
98. 0.215692
99. 0.21878
100. 0.219666
