1. 0.24291
2. 0.247114
3. 0.129695
4. 0.243195
5. 0.245689
6. 0.250144
7. 0.249167
8. 0.237347
9. 0.235824
10. 0.241855
11. 0.251398
12. 0.25032
13. 0.238838
14. 0.243311
15. 0.129806
16. 0.13011
17. 0.23667
18. 0.244796
19. 0.247226
20. 0.240429
21. 0.243435
22. 0.241503
23. 0.129879
24. 0.249259
25. 0.231773
26. 0.256649
27. 0.244697
28. 0.257435
29. 0.129788
30. 0.130035
31. 0.249358
32. 0.244918
33. 0.261541
34. 0.242025
35. 0.23584
36. 0.240297
37. 0.243853
38. 0.131825
39. 0.131687
40. 0.25208
41. 0.244778
42. 0.232264
43. 0.242872
44. 0.2316
45. 0.239322
46. 0.129688
47. 0.243504
48. 0.240856
49. 0.239491
50. 0.236132
51. 0.23937
52. 0.23304
53. 0.229655
54. 0.241863
55. 0.247023
56. 0.239636
57. 0.24133
58. 0.250625
59. 0.247051
60. 0.13068
61. 0.129714
62. 0.130037
63. 0.240015
64. 0.257053
65. 0.231365
66. 0.247784
67. 0.238424
68. 0.243959
69. 0.23564
70. 0.233924
71. 0.244114
72. 0.257064
73. 0.238298
74. 0.130577
75. 0.129904
76. 0.247586
77. 22.1271
78. 0.252264
79. 0.129606
80. 0.229805
81. 0.234605
82. 0.24871
83. 0.249861
84. 0.239468
85. 0.247271
86. 0.259002
87. 0.2353
88. 0.241075
89. 0.129641
90. 0.245426
91. 0.244393
92. 22.1048
93. 0.249536
94. 0.240625
95. 0.129624
96. 0.255413
97. 0.237965
98. 0.233993
99. 0.232748
100. 0.267731
