1. 0.264656
2. 0.263018
3. 0.262939
4. 0.262952
5. 0.26555
6. 0.265622
7. 0.264254
8. 0.264656
9. 0.264315
10. 0.264114
11. 0.270596
12. 0.263506
13. 0.263138
14. 0.26305
15. 0.262417
16. 0.262895
17. 0.263404
18. 0.263214
19. 0.262829
20. 0.262354
21. 0.262853
22. 0.263174
23. 0.263468
24. 0.262592
25. 0.263221
26. 0.262852
27. 0.264108
28. 0.265655
29. 0.264259
30. 0.309164
31. 0.262687
32. 0.262568
33. 0.264204
34. 0.264972
35. 0.264365
36. 0.262823
37. 0.262286
38. 0.265207
39. 0.264978
40. 0.265325
41. 0.262613
42. 0.263262
43. 0.262566
44. 0.26423
45. 0.264854
46. 0.264762
47. 0.262605
48. 0.262665
49. 0.263435
50. 0.262677
51. 0.26325
52. 0.262824
53. 0.263056
54. 0.262387
55. 0.262816
56. 0.263376
57. 0.263316
58. 0.263273
59. 0.26231
60. 0.262986
61. 0.262736
62. 0.263325
63. 0.262831
64. 0.26277
65. 0.262282
66. 0.262943
67. 0.263381
68. 0.263064
69. 0.26344
70. 0.262268
71. 0.26528
72. 0.262964
73. 0.263397
74. 0.262873
75. 0.262698
76. 0.263809
77. 0.263058
78. 0.263468
79. 0.262981
80. 0.262681
81. 0.262573
82. 0.262826
83. 0.263291
84. 0.263839
85. 0.262729
86. 0.262635
87. 0.262772
88. 0.264206
89. 0.263432
90. 0.262844
91. 0.262906
92. 0.262506
93. 0.262809
94. 0.263117
95. 0.263309
96. 0.263489
97. 0.262389
98. 0.263759
99. 0.262748
100. 0.263316
