1. 0.001283
2. 0.001769
3. 0.001094
4. 0.001174
5. 0.001133
6. 0.000502
7. 0.000542
8. 0.000606
9. 0.000576
10. 0.00058
11. 0.000598
12. 0.000615
13. 0.000533
14. 0.000597
15. 0.00059
16. 0.000577
17. 0.000541
18. 0.000615
19. 0.000576
20. 0.000581
21. 0.000545
22. 0.000752
23. 0.000547
24. 0.000641
25. 0.000612
26. 0.000661
27. 0.000536
28. 0.000674
29. 0.000546
30. 0.000637
31. 0.000537
32. 0.00066
33. 0.0006
34. 0.000637
35. 0.000569
36. 0.000662
37. 0.000713
38. 0.000865
39. 0.000987
40. 0.000969
41. 0.00108
42. 0.001219
43. 0.001032
44. 0.000948
45. 0.001021
46. 0.001027
47. 0.00092
48. 0.001029
49. 0.001109
50. 0.001067
51. 0.001024
52. 0.000586
53. 0.000689
54. 0.000609
55. 0.000777
56. 0.000616
57. 0.000515
58. 0.000539
59. 0.000676
60. 0.000706
61. 0.000508
62. 0.00062
63. 0.000545
64. 0.000598
65. 0.00062
66. 0.000706
67. 0.000482
68. 0.000576
69. 0.000571
70. 0.000566
71. 0.000488
72. 0.000629
73. 0.000641
74. 0.000677
75. 0.000594
76. 0.000628
77. 0.000488
78. 0.000694
79. 0.000605
80. 0.000711
81. 0.000555
82. 0.000629
83. 0.00062
84. 0.000659
85. 0.000552
86. 0.00064
87. 0.000605
88. 0.000575
89. 0.000544
90. 0.000616
91. 0.000715
92. 0.000625
93. 0.000573
94. 0.000496
95. 0.00074
96. 0.000691
97. 0.00055
98. 0.000671
99. 0.000563
100. 0.000646
