1. 0.023763
2. 0.019347
3. 0.02011
4. 0.014177
5. 0.015083
6. 0.014585
7. 0.016259
8. 0.014817
9. 0.015121
10. 0.015034
11. 0.014252
12. 0.014587
13. 0.014141
14. 0.017613
15. 0.014455
16. 0.014095
17. 0.015145
18. 0.015149
19. 0.013353
20. 0.015605
21. 0.015459
22. 0.015823
23. 0.013975
24. 0.014531
25. 0.021282
26. 0.024281
27. 0.024257
28. 0.025053
29. 0.022111
30. 0.020708
31. 0.023222
32. 0.023329
33. 0.024062
34. 0.022862
35. 0.019242
36. 0.021253
37. 0.013729
38. 0.013911
39. 0.014515
40. 0.01534
41. 0.013503
42. 0.013992
43. 0.014319
44. 0.014141
45. 0.014751
46. 0.014605
47. 0.020825
48. 0.014606
49. 0.014551
50. 0.014737
51. 0.014674
52. 0.013662
53. 0.01323
54. 0.014642
55. 0.01431
56. 0.013455
57. 0.015328
58. 0.023517
59. 0.017316
60. 0.014908
61. 0.014173
62. 0.013931
63. 0.013417
64. 0.015038
65. 0.013586
66. 0.014861
67. 0.014165
68. 0.014329
69. 0.017482
70. 0.015856
71. 0.014974
72. 0.015418
73. 0.013717
74. 0.014144
75. 0.015125
76. 0.013137
77. 0.015646
78. 0.014044
79. 0.015075
80. 0.01651
81. 0.021898
82. 0.018164
83. 0.014414
84. 0.01589
85. 0.013702
86. 0.013872
87. 0.014094
88. 0.014725
89. 0.015169
90. 0.013607
91. 0.013188
92. 0.019021
93. 0.014107
94. 0.014195
95. 0.015189
96. 0.014059
97. 0.015463
98. 0.015156
99. 0.014985
100. 0.015047
