1. 1.99884
2. 1.9158
3. 0.126404
4. 1.92329
5. 1.73096
6. 2.24256
7. 1.78511
8. 1.82023
9. 1.86448
10. 0.126333
11. 1.85077
12. 2.06255
13. 1.92744
14. 1.94986
15. 0.126748
16. 2.0394
17. 0.129101
18. 1.80314
19. 1.92555
20. 2.00905
21. 1.95486
22. 1.83569
23. 1.879
24. 1.85754
25. 1.74779
26. 0.126514
27. 1.878
28. 2.07888
29. 1.86054
30. 2.01637
31. 2.11435
32. 2.04168
33. 2.0203
34. 0.126727
35. 1.72346
36. 1.73897
37. 0.126273
38. 1.7597
39. 1.81618
40. 0.126831
41. 0.126557
42. 0.126727
43. 0.126254
44. 2.04595
45. 1.37997
46. 1.93642
47. 1.78975
48. 1.96247
49. 1.82292
50. 2.04577
51. 0.128145
52. 1.77364
53. 1.94258
54. 0.126407
55. 1.92551
56. 1.79024
57. 1.92207
58. 1.89206
59. 0.126288
60. 1.76291
61. 2.09254
62. 1.81202
63. 1.82807
64. 2.00858
65. 1.88065
66. 1.96244
67. 1.66714
68. 1.35089
69. 1.91593
70. 0.126499
71. 2.02821
72. 2.01865
73. 1.8922
74. 1.90147
75. 0.128398
76. 2.25999
77. 1.70344
78. 1.85012
79. 2.12257
80. 1.87928
81. 1.994
82. 0.126319
83. 0.12672
84. 1.81728
85. 1.77153
86. 0.126722
87. 1.84197
88. 1.77714
89. 1.93897
90. 1.83138
91. 0.126496
92. 2.07547
93. 2.0683
94. 0.126196
95. 0.126344
96. 2.00678
97. 0.126693
98. 2.09144
99. 1.83434
100. 1.87296
