1. 0.004727
2. 0.005162
3. 0.004506
4. 0.005081
5. 0.00391
6. 0.005584
7. 0.004519
8. 0.004363
9. 0.004311
10. 0.004391
11. 0.0047
12. 0.003978
13. 0.004605
14. 0.004789
15. 0.006755
16. 0.004094
17. 0.006212
18. 0.004926
19. 0.005562
20. 0.004526
21. 0.004461
22. 0.004938
23. 0.004868
24. 0.004804
25. 0.006383
26. 0.004383
27. 0.00466
28. 0.005491
29. 0.003644
30. 0.004577
31. 0.00454
32. 0.004472
33. 0.004401
34. 0.004036
35. 0.00534
36. 0.004337
37. 0.005358
38. 0.005095
39. 0.004036
40. 0.004698
41. 0.004392
42. 0.00421
43. 0.004126
44. 0.004437
45. 0.004807
46. 0.004096
47. 0.004834
48. 0.006439
49. 0.00583
50. 0.005011
51. 0.006131
52. 0.005179
53. 0.004486
54. 0.004614
55. 0.004627
56. 0.004852
57. 0.004471
58. 0.004383
59. 0.004058
60. 0.003661
61. 0.004654
62. 0.004332
63. 0.004887
64. 0.004815
65. 0.00496
66. 0.004779
67. 0.004513
68. 0.00371
69. 0.004849
70. 0.003826
71. 0.004431
72. 0.004256
73. 0.004413
74. 0.005041
75. 0.003566
76. 0.003857
77. 0.00449
78. 0.004601
79. 0.004904
80. 0.004874
81. 0.004149
82. 0.005068
83. 0.003465
84. 0.004221
85. 0.005093
86. 0.004715
87. 0.005672
88. 0.004371
89. 0.004219
90. 0.003905
91. 0.004172
92. 0.00446
93. 0.004648
94. 0.005041
95. 0.003788
96. 0.004579
97. 0.004367
98. 0.004593
99. 0.004665
100. 0.005291
