1. 0.473687
2. 0.495774
3. 0.499058
4. 0.497097
5. 0.508981
6. 0.494423
7. 0.495895
8. 0.503279
9. 0.475551
10. 0.480966
11. 0.485303
12. 0.463962
13. 0.498339
14. 0.481228
15. 0.472183
16. 0.493792
17. 0.498933
18. 0.48524
19. 0.509589
20. 0.493845
21. 0.455068
22. 0.492085
23. 0.492411
24. 0.483538
25. 0.495439
26. 0.478753
27. 0.505204
28. 0.471826
29. 0.505164
30. 0.468957
31. 0.482204
32. 0.481764
33. 0.476437
34. 0.472165
35. 0.483724
36. 0.483005
37. 0.497698
38. 0.48273
39. 0.492698
40. 0.460039
41. 0.499318
42. 0.494677
43. 0.489901
44. 0.487334
45. 0.487179
46. 0.480834
47. 0.463522
48. 0.500157
49. 0.522027
50. 0.490995
51. 0.500122
52. 0.477375
53. 0.495922
54. 0.529962
55. 0.513085
56. 0.487321
57. 0.485038
58. 0.50592
59. 0.509803
60. 0.520463
61. 0.511121
62. 0.492615
63. 0.502522
64. 0.480076
65. 0.490106
66. 0.481712
67. 0.492913
68. 0.493665
69. 0.499457
70. 0.494474
71. 0.494512
72. 0.498615
73. 0.466724
74. 0.492863
75. 0.488067
76. 0.497345
77. 0.496546
78. 0.492773
79. 0.49286
80. 0.470133
81. 0.517889
82. 0.488474
83. 0.489844
84. 0.488254
85. 0.48783
86. 0.471608
87. 0.491391
88. 0.529373
89. 0.4775
90. 0.506443
91. 0.500428
92. 0.501767
93. 0.544038
94. 0.513169
95. 0.530492
96. 0.517115
97. 0.496932
98. 0.51065
99. 0.492947
100. 0.489391
