1. 0.046777
2. 0.054674
3. 0.051109
4. 0.048213
5. 0.053038
6. 0.043721
7. 0.052023
8. 0.046003
9. 0.055196
10. 0.047925
11. 0.049487
12. 0.045037
13. 0.051772
14. 0.051295
15. 0.048484
16. 0.049128
17. 0.049403
18. 0.047173
19. 0.050042
20. 0.053842
21. 0.047283
22. 0.047313
23. 0.050922
24. 0.055165
25. 0.049588
26. 0.046381
27. 0.047076
28. 0.047717
29. 0.047594
30. 0.049154
31. 0.047914
32. 0.052411
33. 0.050989
34. 0.044034
35. 0.052845
36. 0.046823
37. 0.049771
38. 0.046527
39. 0.048534
40. 0.046295
41. 0.046445
42. 0.045658
43. 0.051572
44. 0.049685
45. 0.046984
46. 0.04732
47. 0.055558
48. 0.043929
49. 0.05066
50. 0.05291
51. 0.045421
52. 0.054945
53. 0.051058
54. 0.048404
55. 0.054625
56. 0.055328
57. 0.052696
58. 0.045409
59. 0.046538
60. 0.054114
61. 0.051374
62. 0.045571
63. 0.048875
64. 0.048673
65. 0.044644
66. 0.053117
67. 0.052535
68. 0.046751
69. 0.048452
70. 0.051511
71. 0.048829
72. 0.041516
73. 0.048458
74. 0.05079
75. 0.045357
76. 0.05117
77. 0.054507
78. 0.047798
79. 0.051695
80. 0.055503
81. 0.050538
82. 0.050851
83. 0.046392
84. 0.04903
85. 0.04636
86. 0.050825
87. 0.046472
88. 0.048248
89. 0.043492
90. 0.048638
91. 0.050819
92. 0.045005
93. 0.053572
94. 0.045623
95. 0.051311
96. 0.057556
97. 0.050213
98. 0.04615
99. 0.046653
100. 0.047643
