1. 0.023793
2. 0.025544
3. 0.025284
4. 0.022887
5. 0.024843
6. 0.025172
7. 0.024937
8. 0.026466
9. 0.024547
10. 0.023038
11. 0.028098
12. 0.023875
13. 0.025702
14. 0.035805
15. 0.024937
16. 0.024513
17. 0.026977
18. 0.02759
19. 0.024606
20. 0.029262
21. 0.021603
22. 0.027909
23. 0.024799
24. 0.02662
25. 0.024224
26. 0.024183
27. 0.02482
28. 0.024187
29. 0.028034
30. 0.028643
31. 0.022697
32. 0.024022
33. 0.024658
34. 0.028065
35. 0.024133
36. 0.023769
37. 0.023517
38. 0.023416
39. 0.026762
40. 0.026556
41. 0.025645
42. 0.023147
43. 0.023764
44. 0.025529
45. 0.023516
46. 0.025094
47. 0.023796
48. 0.025498
49. 0.02519
50. 0.024144
51. 0.026244
52. 0.022204
53. 0.029028
54. 0.02545
55. 0.022041
56. 0.021597
57. 0.02279
58. 0.027671
59. 0.024353
60. 0.030425
61. 0.024474
62. 0.023578
63. 0.023749
64. 0.026804
65. 0.023336
66. 0.024173
67. 0.024404
68. 0.02489
69. 0.025106
70. 0.025471
71. 0.024978
72. 0.023135
73. 0.025644
74. 0.026572
75. 0.022147
76. 0.028376
77. 0.023651
78. 0.024144
79. 0.022037
80. 0.029119
81. 0.027299
82. 0.025149
83. 0.023761
84. 0.026441
85. 0.021193
86. 0.026146
87. 0.02366
88. 0.023649
89. 0.02328
90. 0.026275
91. 0.024713
92. 0.033008
93. 0.028503
94. 0.027369
95. 0.023868
96. 0.023501
97. 0.027132
98. 0.025639
99. 0.027097
100. 0.03127
