1. 0.22869
2. 0.238561
3. 0.241172
4. 0.250732
5. 0.239903
6. 0.237336
7. 0.265233
8. 0.265569
9. 0.232063
10. 0.240417
11. 0.242948
12. 0.258975
13. 0.254319
14. 0.23731
15. 0.242664
16. 0.245377
17. 0.251825
18. 0.243702
19. 0.232755
20. 0.237425
21. 0.232999
22. 0.260842
23. 0.231482
24. 0.229868
25. 0.23131
26. 0.260458
27. 0.241968
28. 0.252561
29. 0.239904
30. 0.23906
31. 0.248853
32. 0.257161
33. 0.292866
34. 0.255298
35. 0.236759
36. 0.251284
37. 0.245993
38. 0.243412
39. 0.255053
40. 0.251439
41. 0.251157
42. 0.26724
43. 0.267605
44. 0.239869
45. 0.246197
46. 0.252664
47. 0.256388
48. 0.239824
49. 0.244998
50. 0.258163
51. 0.261666
52. 0.241369
53. 0.265821
54. 0.245338
55. 0.244556
56. 0.247218
57. 0.246924
58. 0.240815
59. 0.24386
60. 0.254416
61. 0.246505
62. 0.237851
63. 0.22799
64. 0.2579
65. 0.230571
66. 0.241598
67. 0.244864
68. 0.271731
69. 0.238271
70. 0.244942
71. 0.248677
72. 0.242786
73. 0.254543
74. 0.233665
75. 0.232847
76. 0.243923
77. 0.255708
78. 0.234714
79. 0.227836
80. 0.251169
81. 0.241577
82. 0.244081
83. 0.245819
84. 0.250618
85. 0.246022
86. 0.23484
87. 0.252259
88. 0.248826
89. 0.238009
90. 0.246558
91. 0.263504
92. 0.236041
93. 0.24787
94. 0.249792
95. 0.242568
96. 0.251191
97. 0.23491
98. 0.252902
99. 0.256457
100. 0.245606
