1. 0.108201
2. 0.10719
3. 0.102488
4. 0.102063
5. 0.105777
6. 0.102951
7. 0.103304
8. 0.107972
9. 0.103054
10. 0.102924
11. 0.102027
12. 0.103031
13. 0.106046
14. 0.104591
15. 0.102122
16. 0.104577
17. 0.102431
18. 0.103143
19. 0.110305
20. 0.101863
21. 0.102436
22. 0.101848
23. 0.103484
24. 0.107296
25. 0.102234
26. 0.102363
27. 0.102099
28. 0.102902
29. 0.101694
30. 0.104262
31. 0.102844
32. 0.107013
33. 0.128478
34. 0.118102
35. 0.110274
36. 0.110308
37. 0.127557
38. 0.110501
39. 0.124735
40. 0.114241
41. 0.123608
42. 0.108095
43. 0.102156
44. 0.102828
45. 0.10448
46. 0.102037
47. 0.10186
48. 0.111663
49. 0.10593
50. 0.111176
51. 0.103289
52. 0.102393
53. 0.115604
54. 0.104322
55. 0.108363
56. 0.108033
57. 0.103595
58. 0.103193
59. 0.101925
60. 0.107407
61. 0.10797
62. 0.104685
63. 0.104704
64. 0.106434
65. 0.102782
66. 0.104818
67. 0.105919
68. 0.105597
69. 0.104951
70. 0.111256
71. 0.106641
72. 0.132726
73. 0.104028
74. 0.105165
75. 0.109077
76. 0.103697
77. 0.104716
78. 0.105055
79. 0.103328
80. 0.102228
81. 0.105488
82. 0.10313
83. 0.106136
84. 0.105647
85. 0.10784
86. 0.109491
87. 0.103537
88. 0.106034
89. 0.10501
90. 0.102623
91. 0.108613
92. 0.108455
93. 0.108285
94. 0.10641
95. 0.117755
96. 0.105541
97. 0.103881
98. 0.102282
99. 0.101994
100. 0.101988
