1. 0.025609
2. 0.018894
3. 0.018855
4. 0.018816
5. 0.018943
6. 0.019293
7. 0.018928
8. 0.020701
9. 0.018881
10. 0.018933
11. 0.018783
12. 0.021978
13. 0.021563
14. 0.019061
15. 0.018995
16. 0.01917
17. 0.018913
18. 0.018827
19. 0.018788
20. 0.018814
21. 0.018897
22. 0.018838
23. 0.018686
24. 0.018776
25. 0.018766
26. 0.018833
27. 0.018914
28. 0.019155
29. 0.02061
30. 0.020278
31. 0.018933
32. 0.018978
33. 0.02014
34. 0.018794
35. 0.018743
36. 0.019179
37. 0.018887
38. 0.018763
39. 0.018842
40. 0.018804
41. 0.018844
42. 0.018874
43. 0.01909
44. 0.018992
45. 0.01943
46. 0.018944
47. 0.018892
48. 0.01878
49. 0.018853
50. 0.018748
51. 0.018812
52. 0.018871
53. 0.018799
54. 0.018807
55. 0.018768
56. 0.018807
57. 0.018877
58. 0.0202
59. 0.018776
60. 0.018777
61. 0.018823
62. 0.018855
63. 0.018756
64. 0.01878
65. 0.018796
66. 0.019672
67. 0.020105
68. 0.019963
69. 0.019129
70. 0.018924
71. 0.018839
72. 0.018873
73. 0.018881
74. 0.018936
75. 0.018812
76. 0.018796
77. 0.019152
78. 0.018741
79. 0.018866
80. 0.018766
81. 0.018792
82. 0.023099
83. 0.023219
84. 0.020491
85. 0.018924
86. 0.018921
87. 0.0188
88. 0.018782
89. 0.018764
90. 0.018774
91. 0.018856
92. 0.019104
93. 0.019307
94. 0.019022
95. 0.018944
96. 0.018981
97. 0.018915
98. 0.018876
99. 0.018852
100. 0.018842
