1. 0.004367
2. 0.002565
3. 0.001723
4. 0.001792
5. 0.00163
6. 0.001673
7. 0.001613
8. 0.001615
9. 0.001613
10. 0.001617
11. 0.001639
12. 0.001693
13. 0.001658
14. 0.001611
15. 0.001621
16. 0.001633
17. 0.001615
18. 0.001615
19. 0.001615
20. 0.001636
21. 0.001611
22. 0.001611
23. 0.001632
24. 0.001633
25. 0.001611
26. 0.001619
27. 0.00161
28. 0.001612
29. 0.00164
30. 0.001639
31. 0.001656
32. 0.00161
33. 0.001614
34. 0.001731
35. 0.001641
36. 0.00161
37. 0.001644
38. 0.001912
39. 0.001621
40. 0.001622
41. 0.001632
42. 0.001625
43. 0.001613
44. 0.001653
45. 0.002025
46. 0.001687
47. 0.001668
48. 0.001665
49. 0.001674
50. 0.001665
51. 0.001672
52. 0.001665
53. 0.001675
54. 0.001705
55. 0.001636
56. 0.001615
57. 0.00166
58. 0.001639
59. 0.001645
60. 0.001639
61. 0.00161
62. 0.00163
63. 0.001611
64. 0.001613
65. 0.00161
66. 0.001609
67. 0.001621
68. 0.001611
69. 0.001614
70. 0.001611
71. 0.001607
72. 0.001612
73. 0.00161
74. 0.001613
75. 0.001618
76. 0.001617
77. 0.001611
78. 0.00161
79. 0.001609
80. 0.001608
81. 0.001638
82. 0.001611
83. 0.001684
84. 0.001648
85. 0.001618
86. 0.001633
87. 0.00161
88. 0.001617
89. 0.001612
90. 0.001616
91. 0.001652
92. 0.001629
93. 0.00161
94. 0.001644
95. 0.001638
96. 0.001615
97. 0.001616
98. 0.001613
99. 0.00162
100. 0.00161
