1. 0.012968
2. 0.012282
3. 0.012278
4. 0.012233
5. 0.012338
6. 0.011109
7. 0.00905
8. 0.009021
9. 0.0096
10. 0.009176
11. 0.009015
12. 0.009033
13. 0.009014
14. 0.009014
15. 0.009062
16. 0.009028
17. 0.009177
18. 0.009043
19. 0.009068
20. 0.00905
21. 0.009056
22. 0.009021
23. 0.008996
24. 0.009027
25. 0.009026
26. 0.009083
27. 0.009039
28. 0.009019
29. 0.009025
30. 0.009215
31. 0.009073
32. 0.009008
33. 0.00902
34. 0.009009
35. 0.009008
36. 0.009099
37. 0.00901
38. 0.009179
39. 0.009004
40. 0.009115
41. 0.009037
42. 0.009081
43. 0.009049
44. 0.009003
45. 0.009016
46. 0.009007
47. 0.009092
48. 0.009022
49. 0.009025
50. 0.009001
51. 0.009005
52. 0.009532
53. 0.009086
54. 0.009318
55. 0.009996
56. 0.012306
57. 0.012173
58. 0.012406
59. 0.010478
60. 0.009514
61. 0.009458
62. 0.009347
63. 0.009338
64. 0.009339
65. 0.009364
66. 0.009503
67. 0.009372
68. 0.009348
69. 0.009125
70. 0.009016
71. 0.009047
72. 0.009006
73. 0.008987
74. 0.009021
75. 0.00908
76. 0.009191
77. 0.009096
78. 0.0093
79. 0.009009
80. 0.009053
81. 0.008992
82. 0.009042
83. 0.009077
84. 0.009111
85. 0.009025
86. 0.009006
87. 0.009141
88. 0.009023
89. 0.009029
90. 0.009036
91. 0.009049
92. 0.009045
93. 0.009031
94. 0.009067
95. 0.009017
96. 0.009012
97. 0.009164
98. 0.009014
99. 0.009316
100. 0.009024
