1. 0.215413
2. 0.210744
3. 0.213753
4. 0.210541
5. 0.216054
6. 0.21107
7. 0.210729
8. 0.211742
9. 0.210446
10. 0.212466
11. 0.210512
12. 0.213017
13. 0.210397
14. 0.213668
15. 0.211143
16. 0.210432
17. 0.213748
18. 0.210352
19. 0.214715
20. 0.210912
21. 0.221744
22. 0.210348
23. 0.212207
24. 0.210546
25. 0.210075
26. 0.212495
27. 0.210804
28. 0.212613
29. 0.210243
30. 0.213708
31. 0.210127
32. 0.212555
33. 0.210598
34. 0.210092
35. 0.212924
36. 0.210581
37. 0.211844
38. 0.210295
39. 0.212898
40. 0.210233
41. 0.216537
42. 0.210974
43. 0.210113
44. 0.211758
45. 0.210765
46. 0.217654
47. 0.21138
48. 0.212379
49. 0.210267
50. 0.211884
51. 0.219312
52. 0.210954
53. 0.213261
54. 0.210178
55. 0.211763
56. 0.211525
57. 0.212743
58. 0.210101
59. 0.21084
60. 0.210817
61. 0.210135
62. 0.211827
63. 0.210492
64. 0.212797
65. 0.210721
66. 0.213683
67. 0.210541
68. 0.216459
69. 0.210837
70. 0.210146
71. 0.214032
72. 0.210339
73. 0.211886
74. 0.210482
75. 0.21258
76. 0.210725
77. 0.211479
78. 0.21137
79. 0.210888
80. 0.211353
81. 0.210402
82. 0.21332
83. 0.210314
84. 0.211181
85. 0.211331
86. 0.210356
87. 0.210953
88. 0.210079
89. 0.212644
90. 0.210649
91. 0.212504
92. 0.210491
93. 0.211302
94. 0.21049
95. 0.210001
96. 0.213371
97. 0.21149
98. 0.212196
99. 0.21055
100. 0.213912
