1. 0.032785
2. 0.03154
3. 0.031897
4. 0.03219
5. 0.031283
6. 0.028212
7. 0.03818
8. 0.029136
9. 0.029205
10. 0.029559
11. 0.030013
12. 0.03492
13. 0.030466
14. 0.028879
15. 0.032477
16. 0.030382
17. 0.029364
18. 0.032304
19. 0.031553
20. 0.031335
21. 0.033396
22. 0.032848
23. 0.028694
24. 0.029623
25. 0.030122
26. 0.029921
27. 0.031124
28. 0.028446
29. 0.031697
30. 0.030048
31. 0.028742
32. 0.030272
33. 0.027863
34. 0.030832
35. 0.029344
36. 0.029293
37. 0.03165
38. 0.029415
39. 0.033185
40. 0.032925
41. 0.030753
42. 0.030442
43. 0.028921
44. 0.02906
45. 0.031572
46. 0.029957
47. 0.027755
48. 0.03175
49. 0.028593
50. 0.029908
51. 0.030405
52. 0.028597
53. 0.030837
54. 0.032485
55. 0.030566
56. 0.030458
57. 0.032019
58. 0.030618
59. 0.030971
60. 0.032731
61. 0.030292
62. 0.026706
63. 0.029237
64. 0.032056
65. 0.030107
66. 0.031852
67. 0.034172
68. 0.029099
69. 0.03078
70. 0.034805
71. 0.033609
72. 0.030097
73. 0.030566
74. 0.034717
75. 0.030629
76. 0.033263
77. 0.029925
78. 0.029492
79. 0.031369
80. 0.030599
81. 0.0298
82. 0.029518
83. 0.02977
84. 0.031605
85. 0.031958
86. 0.031019
87. 0.032762
88. 0.030517
89. 0.03048
90. 0.031751
91. 0.027771
92. 0.029462
93. 0.029106
94. 0.03296
95. 0.03386
96. 0.029805
97. 0.03372
98. 0.029936
99. 0.034784
100. 0.031492
