1. 0.305205
2. 0.317077
3. 0.321307
4. 0.344798
5. 0.322365
6. 0.319538
7. 0.343347
8. 0.307601
9. 0.34045
10. 0.310856
11. 0.319495
12. 0.32061
13. 0.313815
14. 0.368788
15. 0.3599
16. 0.318569
17. 0.328595
18. 0.316046
19. 0.308447
20. 0.325943
21. 0.347229
22. 0.326839
23. 0.319731
24. 0.302884
25. 0.308337
26. 0.330972
27. 0.305905
28. 0.317066
29. 0.3121
30. 0.31586
31. 0.325338
32. 0.314075
33. 0.304691
34. 0.312465
35. 0.312013
36. 0.319496
37. 0.302209
38. 0.331957
39. 0.31346
40. 0.314864
41. 0.319902
42. 0.333581
43. 0.309703
44. 0.307389
45. 0.330727
46. 0.316416
47. 0.315162
48. 0.326817
49. 0.308852
50. 0.324104
51. 0.315156
52. 0.316771
53. 0.322373
54. 0.327851
55. 0.328962
56. 0.307131
57. 0.320466
58. 0.317103
59. 0.319949
60. 0.318957
61. 0.307366
62. 0.314526
63. 0.327308
64. 0.312164
65. 0.30198
66. 0.312703
67. 0.329188
68. 0.30857
69. 0.317571
70. 0.304927
71. 0.321554
72. 0.321748
73. 0.312983
74. 0.353139
75. 0.307282
76. 0.316846
77. 0.316826
78. 0.320938
79. 0.309717
80. 0.329447
81. 0.327083
82. 0.327193
83. 0.321201
84. 0.312115
85. 0.30913
86. 0.337625
87. 0.32264
88. 0.324589
89. 0.339565
90. 0.33798
91. 0.32639
92. 0.320602
93. 0.323869
94. 0.328058
95. 0.328373
96. 0.321416
97. 0.310475
98. 0.310931
99. 0.308458
100. 0.318749
