1. 0.004581
2. 0.002894
3. 0.002393
4. 0.002678
5. 0.002718
6. 0.002597
7. 0.002589
8. 0.002447
9. 0.003397
10. 0.002844
11. 0.002762
12. 0.002513
13. 0.002526
14. 0.002825
15. 0.002543
16. 0.002715
17. 0.00304
18. 0.002932
19. 0.00313
20. 0.002615
21. 0.003149
22. 0.002736
23. 0.002868
24. 0.002708
25. 0.002481
26. 0.003021
27. 0.002964
28. 0.003249
29. 0.002484
30. 0.002929
31. 0.002743
32. 0.003271
33. 0.002596
34. 0.002571
35. 0.002684
36. 0.002936
37. 0.002616
38. 0.002406
39. 0.003391
40. 0.002779
41. 0.002723
42. 0.00236
43. 0.002627
44. 0.003257
45. 0.002902
46. 0.002539
47. 0.002864
48. 0.002434
49. 0.003761
50. 0.003681
51. 0.002683
52. 0.002765
53. 0.002372
54. 0.002983
55. 0.003338
56. 0.002755
57. 0.002888
58. 0.003038
59. 0.00312
60. 0.002935
61. 0.003052
62. 0.002442
63. 0.002741
64. 0.002566
65. 0.002558
66. 0.00233
67. 0.002893
68. 0.002705
69. 0.002936
70. 0.003292
71. 0.002574
72. 0.002681
73. 0.002895
74. 0.002886
75. 0.002532
76. 0.003309
77. 0.002926
78. 0.003128
79. 0.002449
80. 0.002738
81. 0.002729
82. 0.002767
83. 0.002533
84. 0.002452
85. 0.002883
86. 0.00267
87. 0.002669
88. 0.002352
89. 0.00267
90. 0.00287
91. 0.002554
92. 0.003056
93. 0.003028
94. 0.002474
95. 0.002464
96. 0.003293
97. 0.002806
98. 0.003032
99. 0.002526
100. 0.002886
