1. 0.16432
2. 0.151321
3. 0.156888
4. 0.158854
5. 0.157163
6. 0.15822
7. 0.160517
8. 0.155378
9. 0.159934
10. 0.148116
11. 0.15688
12. 0.151783
13. 0.152821
14. 0.15515
15. 0.15201
16. 0.160796
17. 0.161832
18. 0.153414
19. 0.163952
20. 0.164848
21. 0.162571
22. 0.157199
23. 0.163265
24. 0.1774
25. 0.176776
26. 0.168007
27. 0.187533
28. 0.175507
29. 0.181435
30. 0.171768
31. 0.191032
32. 0.185797
33. 0.183178
34. 0.186333
35. 0.167185
36. 0.153523
37. 0.158526
38. 0.166797
39. 0.181737
40. 0.16146
41. 0.164393
42. 0.164457
43. 0.18305
44. 0.159354
45. 0.160228
46. 0.155272
47. 0.152502
48. 0.157405
49. 0.155081
50. 0.171783
51. 0.160495
52. 0.147061
53. 0.161168
54. 0.164343
55. 0.160036
56. 0.163052
57. 0.156423
58. 0.16284
59. 0.15402
60. 0.167817
61. 0.163374
62. 0.156812
63. 0.157119
64. 0.163903
65. 0.160924
66. 0.154886
67. 0.157235
68. 0.161086
69. 0.159896
70. 0.153486
71. 0.15637
72. 0.158777
73. 0.166582
74. 0.151898
75. 0.160401
76. 0.162853
77. 0.158528
78. 0.166359
79. 0.157949
80. 0.156501
81. 0.171958
82. 0.165238
83. 0.180806
84. 0.167341
85. 0.159912
86. 0.151833
87. 0.157228
88. 0.155526
89. 0.157222
90. 0.159909
91. 0.168955
92. 0.165756
93. 0.170946
94. 0.179598
95. 0.16431
96. 0.165733
97. 0.175201
98. 0.153767
99. 0.171907
100. 0.166003
