1. 0.015197
2. 0.01415
3. 0.014445
4. 0.015548
5. 0.014413
6. 0.014907
7. 0.015428
8. 0.015071
9. 0.014772
10. 0.014968
11. 0.014527
12. 0.015472
13. 0.018131
14. 0.013981
15. 0.014171
16. 0.016095
17. 0.015795
18. 0.016614
19. 0.015079
20. 0.018277
21. 0.016543
22. 0.015874
23. 0.015788
24. 0.015374
25. 0.017909
26. 0.014496
27. 0.016444
28. 0.016869
29. 0.016992
30. 0.014088
31. 0.015137
32. 0.015836
33. 0.015228
34. 0.01454
35. 0.016526
36. 0.016366
37. 0.015172
38. 0.01586
39. 0.018821
40. 0.015375
41. 0.016447
42. 0.014851
43. 0.014574
44. 0.013908
45. 0.01727
46. 0.015001
47. 0.015023
48. 0.018303
49. 0.016289
50. 0.015393
51. 0.016588
52. 0.018234
53. 0.01573
54. 0.015807
55. 0.014955
56. 0.015557
57. 0.014645
58. 0.016532
59. 0.017503
60. 0.015505
61. 0.01459
62. 0.01305
63. 0.016532
64. 0.015126
65. 0.017339
66. 0.017101
67. 0.017767
68. 0.017488
69. 0.016443
70. 0.014003
71. 0.016772
72. 0.0139
73. 0.022784
74. 0.015164
75. 0.015468
76. 0.015639
77. 0.014527
78. 0.017742
79. 0.016358
80. 0.015064
81. 0.017186
82. 0.014217
83. 0.015371
84. 0.015011
85. 0.016254
86. 0.014985
87. 0.015108
88. 0.014471
89. 0.016126
90. 0.017697
91. 0.015952
92. 0.014637
93. 0.016066
94. 0.014424
95. 0.016862
96. 0.015096
97. 0.016868
98. 0.013773
99. 0.015019
100. 0.01543
