1. 0.013597
2. 0.013666
3. 0.013268
4. 0.013488
5. 0.013281
6. 0.013303
7. 0.013336
8. 0.013378
9. 0.01335
10. 0.013314
11. 0.013382
12. 0.013454
13. 0.013348
14. 0.013326
15. 0.013322
16. 0.01327
17. 0.013318
18. 0.013276
19. 0.013381
20. 0.013317
21. 0.013425
22. 0.013593
23. 0.013462
24. 0.013333
25. 0.013306
26. 0.01336
27. 0.013275
28. 0.01333
29. 0.013301
30. 0.01337
31. 0.013762
32. 0.013314
33. 0.013275
34. 0.013291
35. 0.013228
36. 0.013304
37. 0.013215
38. 0.01331
39. 0.013337
40. 0.013326
41. 0.013303
42. 0.013292
43. 0.013333
44. 0.013309
45. 0.013301
46. 0.013309
47. 0.013357
48. 0.013298
49. 0.013284
50. 0.013268
51. 0.013293
52. 0.013281
53. 0.013312
54. 0.0133
55. 0.013324
56. 0.013445
57. 0.013285
58. 0.013324
59. 0.013264
60. 0.013323
61. 0.013304
62. 0.013293
63. 0.013579
64. 0.013338
65. 0.013326
66. 0.013306
67. 0.013283
68. 0.013271
69. 0.013338
70. 0.013269
71. 0.013337
72. 0.014704
73. 0.01339
74. 0.013283
75. 0.0133
76. 0.013366
77. 0.013359
78. 0.013292
79. 0.015571
80. 0.013352
81. 0.013352
82. 0.013307
83. 0.013315
84. 0.01328
85. 0.013335
86. 0.013257
87. 0.013328
88. 0.01329
89. 0.013328
90. 0.013242
91. 0.013311
92. 0.013766
93. 0.013383
94. 0.013482
95. 0.013286
96. 0.013309
97. 0.013337
98. 0.013347
99. 0.013289
100. 0.013294
