1. 0.001233
2. 0.001306
3. 0.001102
4. 0.001289
5. 0.001497
6. 0.001108
7. 0.001096
8. 0.001094
9. 0.001124
10. 0.001096
11. 0.001143
12. 0.001093
13. 0.001119
14. 0.001093
15. 0.001112
16. 0.001092
17. 0.001124
18. 0.001092
19. 0.001095
20. 0.001094
21. 0.001093
22. 0.001115
23. 0.001101
24. 0.001128
25. 0.001133
26. 0.001101
27. 0.001094
28. 0.001118
29. 0.001094
30. 0.001115
31. 0.001094
32. 0.001092
33. 0.00114
34. 0.001094
35. 0.001094
36. 0.001094
37. 0.001093
38. 0.001093
39. 0.001117
40. 0.001094
41. 0.001143
42. 0.001093
43. 0.001142
44. 0.001094
45. 0.001122
46. 0.001118
47. 0.001116
48. 0.001139
49. 0.0011
50. 0.001096
51. 0.001095
52. 0.001098
53. 0.001094
54. 0.001116
55. 0.001094
56. 0.001112
57. 0.001093
58. 0.001142
59. 0.001105
60. 0.001095
61. 0.001095
62. 0.001092
63. 0.001094
64. 0.001106
65. 0.001095
66. 0.001095
67. 0.001138
68. 0.001092
69. 0.001097
70. 0.001101
71. 0.001118
72. 0.001104
73. 0.001092
74. 0.001093
75. 0.001093
76. 0.001093
77. 0.001095
78. 0.001093
79. 0.001094
80. 0.001096
81. 0.001092
82. 0.0011
83. 0.001094
84. 0.001098
85. 0.001093
86. 0.001124
87. 0.001096
88. 0.001096
89. 0.001126
90. 0.001093
91. 0.001093
92. 0.001094
93. 0.001118
94. 0.001117
95. 0.001095
96. 0.001106
97. 0.001118
98. 0.001096
99. 0.001098
100. 0.001092
