1. 0.154186
2. 0.154437
3. 0.153963
4. 0.15804
5. 0.156545
6. 0.153786
7. 0.164979
8. 0.162531
9. 0.155251
10. 0.159181
11. 0.152736
12. 0.183539
13. 0.155965
14. 0.154439
15. 0.152306
16. 0.155543
17. 0.152051
18. 0.152386
19. 0.15208
20. 0.152288
21. 0.15238
22. 0.151985
23. 0.152231
24. 0.152146
25. 0.152586
26. 0.151888
27. 0.153067
28. 0.152258
29. 0.153556
30. 0.152089
31. 0.154128
32. 0.152125
33. 0.152934
34. 0.151957
35. 0.153376
36. 0.153024
37. 0.152026
38. 0.151951
39. 0.152077
40. 0.152108
41. 0.151991
42. 0.152325
43. 0.152104
44. 0.152637
45. 0.151951
46. 0.15304
47. 0.151961
48. 0.152692
49. 0.152027
50. 0.153073
51. 0.152147
52. 0.153238
53. 0.152391
54. 0.152288
55. 0.152015
56. 0.15239
57. 0.152002
58. 0.152653
59. 0.151943
60. 0.152213
61. 0.152684
62. 0.152064
63. 0.152987
64. 0.152039
65. 0.152643
66. 0.152144
67. 0.152718
68. 0.152022
69. 0.153006
70. 0.152101
71. 0.152365
72. 0.152104
73. 0.152153
74. 0.153322
75. 0.152132
76. 0.152111
77. 0.15239
78. 0.152531
79. 0.152014
80. 0.157467
81. 0.152903
82. 0.15289
83. 0.152011
84. 0.153282
85. 0.152327
86. 0.153022
87. 0.152038
88. 0.152943
89. 0.15215
90. 0.15327
91. 0.151967
92. 0.152232
93. 0.151944
94. 0.152346
95. 0.152296
96. 0.152772
97. 0.152919
98. 0.151972
99. 0.152679
100. 0.152132
