1. 0.080221
2. 0.073783
3. 0.073306
4. 0.073237
5. 0.073257
6. 0.075321
7. 0.074284
8. 0.074455
9. 0.073732
10. 0.078048
11. 0.073693
12. 0.073278
13. 0.073455
14. 0.074063
15. 0.07441
16. 0.073742
17. 0.074848
18. 0.076245
19. 0.07421
20. 0.073322
21. 0.073706
22. 0.07338
23. 0.07325
24. 0.073297
25. 0.074159
26. 0.07344
27. 0.073451
28. 0.074123
29. 0.075557
30. 0.07466
31. 0.07329
32. 0.073349
33. 0.075161
34. 0.074033
35. 0.073366
36. 0.073206
37. 0.073623
38. 0.073406
39. 0.073393
40. 0.073353
41. 0.074634
42. 0.073449
43. 0.073279
44. 0.073315
45. 0.073407
46. 0.073247
47. 0.073433
48. 0.073841
49. 0.073369
50. 0.0733
51. 0.073337
52. 0.073604
53. 0.073498
54. 0.073296
55. 0.073518
56. 0.074225
57. 0.073642
58. 0.073408
59. 0.073871
60. 0.074772
61. 0.073624
62. 0.073363
63. 0.073433
64. 0.073897
65. 0.073459
66. 0.0734
67. 0.073933
68. 0.073776
69. 0.073416
70. 0.07329
71. 0.073452
72. 0.073523
73. 0.073441
74. 0.073313
75. 0.074578
76. 0.073302
77. 0.073364
78. 0.073384
79. 0.074807
80. 0.073419
81. 0.073403
82. 0.073275
83. 0.075147
84. 0.073527
85. 0.073289
86. 0.073362
87. 0.073979
88. 0.073683
89. 0.073376
90. 0.073415
91. 0.07375
92. 0.073557
93. 0.073398
94. 0.073499
95. 0.073971
96. 0.073268
97. 0.073486
98. 0.073354
99. 0.073646
100. 0.073392
