1. 0.006561
2. 0.006515
3. 0.006414
4. 0.00643
5. 0.006317
6. 0.006324
7. 0.006754
8. 0.006334
9. 0.00633
10. 0.006364
11. 0.006419
12. 0.006348
13. 0.008121
14. 0.006367
15. 0.006376
16. 0.006335
17. 0.006365
18. 0.006396
19. 0.006318
20. 0.006317
21. 0.00638
22. 0.006409
23. 0.006298
24. 0.006297
25. 0.006383
26. 0.006319
27. 0.006319
28. 0.006372
29. 0.00634
30. 0.006288
31. 0.006292
32. 0.006375
33. 0.006289
34. 0.006317
35. 0.006362
36. 0.006326
37. 0.006288
38. 0.006361
39. 0.006346
40. 0.006329
41. 0.006308
42. 0.006367
43. 0.006326
44. 0.006362
45. 0.006448
46. 0.006366
47. 0.00637
48. 0.006343
49. 0.006382
50. 0.00643
51. 0.006388
52. 0.006545
53. 0.006428
54. 0.006358
55. 0.008114
56. 0.006615
57. 0.006552
58. 0.006372
59. 0.006496
60. 0.006902
61. 0.006656
62. 0.006395
63. 0.006504
64. 0.006691
65. 0.006579
66. 0.006414
67. 0.006423
68. 0.0067
69. 0.006481
70. 0.006364
71. 0.006386
72. 0.006424
73. 0.006384
74. 0.006342
75. 0.006423
76. 0.006574
77. 0.006624
78. 0.006463
79. 0.006399
80. 0.006593
81. 0.006387
82. 0.006495
83. 0.006418
84. 0.006571
85. 0.006456
86. 0.006446
87. 0.006765
88. 0.006754
89. 0.006496
90. 0.006406
91. 0.006506
92. 0.00697
93. 0.006752
94. 0.006375
95. 0.006396
96. 0.006612
97. 0.006418
98. 0.006361
99. 0.006305
100. 0.006374
