1. 0.001237
2. 0.001022
3. 0.000948
4. 0.000955
5. 0.000961
6. 0.000949
7. 0.001013
8. 0.000948
9. 0.000947
10. 0.000987
11. 0.000948
12. 0.000957
13. 0.000991
14. 0.000951
15. 0.000948
16. 0.000947
17. 0.001017
18. 0.000948
19. 0.000946
20. 0.000947
21. 0.000947
22. 0.000956
23. 0.000946
24. 0.000947
25. 0.000946
26. 0.000946
27. 0.000959
28. 0.001368
29. 0.001388
30. 0.001428
31. 0.001327
32. 0.001339
33. 0.001334
34. 0.001361
35. 0.001384
36. 0.00136
37. 0.001333
38. 0.001331
39. 0.001392
40. 0.001381
41. 0.001336
42. 0.000948
43. 0.000947
44. 0.000948
45. 0.000975
46. 0.000946
47. 0.000946
48. 0.000946
49. 0.000947
50. 0.000959
51. 0.000947
52. 0.000976
53. 0.000947
54. 0.000946
55. 0.000954
56. 0.000949
57. 0.000968
58. 0.000947
59. 0.000946
60. 0.000946
61. 0.000946
62. 0.000967
63. 0.000946
64. 0.000946
65. 0.000946
66. 0.000947
67. 0.000954
68. 0.000948
69. 0.000959
70. 0.000991
71. 0.000947
72. 0.000947
73. 0.000946
74. 0.000954
75. 0.000947
76. 0.000946
77. 0.000984
78. 0.000945
79. 0.000955
80. 0.000957
81. 0.000947
82. 0.000956
83. 0.000948
84. 0.001001
85. 0.000948
86. 0.000961
87. 0.000947
88. 0.000947
89. 0.000948
90. 0.000947
91. 0.000996
92. 0.000947
93. 0.000946
94. 0.000947
95. 0.000947
96. 0.000965
97. 0.000945
98. 0.000971
99. 0.000948
100. 0.000947
