1. 0.011417
2. 0.01121
3. 0.011218
4. 0.011248
5. 0.011189
6. 0.011145
7. 0.01136
8. 0.011196
9. 0.011198
10. 0.011087
11. 0.011309
12. 0.011107
13. 0.011183
14. 0.011083
15. 0.011229
16. 0.011105
17. 0.011143
18. 0.011466
19. 0.011164
20. 0.011183
21. 0.011124
22. 0.01114
23. 0.011094
24. 0.011156
25. 0.011106
26. 0.011136
27. 0.011102
28. 0.01119
29. 0.01106
30. 0.01145
31. 0.011119
32. 0.011172
33. 0.011125
34. 0.011149
35. 0.011138
36. 0.011086
37. 0.012652
38. 0.011083
39. 0.011126
40. 0.011481
41. 0.011203
42. 0.011115
43. 0.011135
44. 0.011455
45. 0.011121
46. 0.011146
47. 0.011479
48. 0.011151
49. 0.011067
50. 0.011131
51. 0.011111
52. 0.011192
53. 0.011082
54. 0.011161
55. 0.011092
56. 0.011145
57. 0.011481
58. 0.011153
59. 0.011144
60. 0.011172
61. 0.011127
62. 0.011092
63. 0.011201
64. 0.011171
65. 0.011157
66. 0.011072
67. 0.011264
68. 0.011107
69. 0.011139
70. 0.011147
71. 0.011133
72. 0.011114
73. 0.011131
74. 0.011118
75. 0.011126
76. 0.012532
77. 0.011081
78. 0.011109
79. 0.011122
80. 0.01125
81. 0.011318
82. 0.011266
83. 0.011215
84. 0.011223
85. 0.011333
86. 0.011586
87. 0.011521
88. 0.011327
89. 0.011183
90. 0.011075
91. 0.011137
92. 0.011138
93. 0.011148
94. 0.011147
95. 0.011132
96. 0.011179
97. 0.011152
98. 0.011182
99. 0.011138
100. 0.011474
