1. 0.133641
2. 0.130556
3. 0.131267
4. 0.131485
5. 0.130071
6. 0.130767
7. 0.131986
8. 0.132452
9. 0.132284
10. 0.131618
11. 0.131683
12. 0.130656
13. 0.130556
14. 0.131606
15. 0.130255
16. 0.13043
17. 0.130591
18. 0.133161
19. 0.134611
20. 0.132799
21. 0.134227
22. 0.131091
23. 0.13194
24. 0.132097
25. 0.13046
26. 0.130799
27. 0.130618
28. 0.132186
29. 0.130351
30. 0.130481
31. 0.130403
32. 0.130576
33. 0.130331
34. 0.130388
35. 0.131219
36. 0.13022
37. 0.130109
38. 0.130336
39. 0.130379
40. 0.130424
41. 0.130839
42. 0.130267
43. 0.130438
44. 0.130744
45. 0.130366
46. 0.13032
47. 0.130321
48. 0.130892
49. 0.130317
50. 0.130062
51. 0.130175
52. 0.13011
53. 0.131175
54. 0.130985
55. 0.131196
56. 0.13081
57. 0.130974
58. 0.134583
59. 0.133034
60. 0.130535
61. 0.130318
62. 0.130537
63. 0.130864
64. 0.130813
65. 0.13058
66. 0.136499
67. 0.137743
68. 0.148786
69. 0.131244
70. 0.131354
71. 0.135333
72. 0.136943
73. 0.143489
74. 0.145749
75. 0.139385
76. 0.139804
77. 0.131493
78. 0.132522
79. 0.133362
80. 0.149704
81. 0.132607
82. 0.130337
83. 0.13096
84. 0.13115
85. 0.131616
86. 0.130639
87. 0.13159
88. 0.13134
89. 0.130344
90. 0.130241
91. 0.130209
92. 0.131937
93. 0.130126
94. 0.130462
95. 0.130413
96. 0.130322
97. 0.129976
98. 0.130785
99. 0.131679
100. 0.130287
