1. 0.005887
2. 0.00541
3. 0.005275
4. 0.005247
5. 0.005329
6. 0.005377
7. 0.005249
8. 0.005303
9. 0.005304
10. 0.005277
11. 0.005294
12. 0.005267
13. 0.005413
14. 0.005269
15. 0.005254
16. 0.005286
17. 0.005321
18. 0.005246
19. 0.005242
20. 0.00523
21. 0.005295
22. 0.005255
23. 0.005228
24. 0.005282
25. 0.005307
26. 0.005306
27. 0.005234
28. 0.005239
29. 0.005291
30. 0.005321
31. 0.005235
32. 0.00524
33. 0.005295
34. 0.005506
35. 0.005243
36. 0.005236
37. 0.00533
38. 0.005298
39. 0.005228
40. 0.005229
41. 0.005284
42. 0.005252
43. 0.005242
44. 0.005235
45. 0.005264
46. 0.00523
47. 0.005235
48. 0.005253
49. 0.005256
50. 0.005237
51. 0.005238
52. 0.005231
53. 0.005276
54. 0.005229
55. 0.005232
56. 0.005255
57. 0.00526
58. 0.005232
59. 0.00523
60. 0.005244
61. 0.005266
62. 0.005233
63. 0.005385
64. 0.005314
65. 0.0053
66. 0.005253
67. 0.00534
68. 0.00539
69. 0.00529
70. 0.005313
71. 0.005286
72. 0.005404
73. 0.00536
74. 0.00544
75. 0.005261
76. 0.005272
77. 0.005438
78. 0.005249
79. 0.005244
80. 0.005264
81. 0.006174
82. 0.00613
83. 0.005256
84. 0.005237
85. 0.005303
86. 0.00533
87. 0.005313
88. 0.00525
89. 0.005319
90. 0.005256
91. 0.005233
92. 0.005253
93. 0.005259
94. 0.005247
95. 0.005255
96. 0.005252
97. 0.005273
98. 0.005257
99. 0.005256
100. 0.005227
