1. 0.063168
2. 0.061934
3. 0.06191
4. 0.063538
5. 0.062663
6. 0.063475
7. 0.062227
8. 0.066855
9. 0.065987
10. 0.071234
11. 0.063794
12. 0.062718
13. 0.062166
14. 0.062044
15. 0.063105
16. 0.0624
17. 0.061909
18. 0.061986
19. 0.062437
20. 0.062317
21. 0.062141
22. 0.06199
23. 0.062698
24. 0.063009
25. 0.062321
26. 0.062294
27. 0.062639
28. 0.065062
29. 0.062482
30. 0.063941
31. 0.065762
32. 0.064348
33. 0.062382
34. 0.062342
35. 0.064491
36. 0.063935
37. 0.06395
38. 0.063715
39. 0.066311
40. 0.065442
41. 0.086375
42. 0.089969
43. 0.068684
44. 0.074136
45. 0.069462
46. 0.064607
47. 0.064907
48. 0.064262
49. 0.063425
50. 0.062888
51. 0.062655
52. 0.063045
53. 0.064991
54. 0.065194
55. 0.06319
56. 0.062994
57. 0.064262
58. 0.063303
59. 0.06491
60. 0.063195
61. 0.063129
62. 0.062742
63. 0.063686
64. 0.062888
65. 0.066616
66. 0.072403
67. 0.065174
68. 0.064437
69. 0.062669
70. 0.062965
71. 0.062869
72. 0.062902
73. 0.063888
74. 0.06353
75. 0.06397
76. 0.062751
77. 0.063564
78. 0.063312
79. 0.063043
80. 0.064815
81. 0.073592
82. 0.062896
83. 0.062813
84. 0.063469
85. 0.062961
86. 0.063708
87. 0.063575
88. 0.06309
89. 0.064212
90. 0.062819
91. 0.064461
92. 0.063134
93. 0.064307
94. 0.065602
95. 0.066188
96. 0.062484
97. 0.062455
98. 0.06253
99. 0.062557
100. 0.062962
