1. 0.145404
2. 0.149241
3. 0.147875
4. 0.151205
5. 0.149854
6. 0.148728
7. 0.149258
8. 0.159256
9. 0.170482
10. 0.163561
11. 0.169965
12. 0.172956
13. 0.15049
14. 0.151672
15. 0.150944
16. 0.159971
17. 0.152408
18. 0.146591
19. 0.147455
20. 0.152262
21. 0.154686
22. 0.152468
23. 0.14884
24. 0.151479
25. 0.150619
26. 0.150958
27. 0.152754
28. 0.15119
29. 0.149909
30. 0.166722
31. 0.153607
32. 0.148709
33. 0.15493
34. 0.163741
35. 0.151607
36. 0.152613
37. 0.151342
38. 0.152801
39. 0.151231
40. 0.152082
41. 0.155063
42. 0.154996
43. 0.148857
44. 0.152088
45. 0.149556
46. 0.150806
47. 0.151923
48. 0.154435
49. 0.151526
50. 0.154908
51. 0.148851
52. 0.149368
53. 0.148738
54. 0.165069
55. 0.148391
56. 0.148724
57. 0.149225
58. 0.148749
59. 0.147447
60. 0.148167
61. 0.145204
62. 0.144718
63. 0.146296
64. 0.146689
65. 0.148653
66. 0.148007
67. 0.149053
68. 0.145764
69. 0.148414
70. 0.14862
71. 0.148551
72. 0.150998
73. 0.151937
74. 0.146422
75. 0.146907
76. 0.145877
77. 0.14902
78. 0.148746
79. 0.147427
80. 0.147911
81. 0.145491
82. 0.149234
83. 0.147378
84. 0.146995
85. 0.148636
86. 0.146675
87. 0.147165
88. 0.148946
89. 0.147849
90. 0.147917
91. 0.152965
92. 0.146926
93. 0.150996
94. 0.153297
95. 0.147317
96. 0.151702
97. 0.151349
98. 0.149763
99. 0.151412
100. 0.150675
