1. 0.00388
2. 0.001439
3. 0.001515
4. 0.001358
5. 0.001375
6. 0.001334
7. 0.001377
8. 0.001339
9. 0.001372
10. 0.001329
11. 0.001297
12. 0.001331
13. 0.001379
14. 0.001372
15. 0.001318
16. 0.00132
17. 0.001334
18. 0.00131
19. 0.001337
20. 0.001387
21. 0.001339
22. 0.001323
23. 0.00135
24. 0.001331
25. 0.001298
26. 0.001323
27. 0.001339
28. 0.001325
29. 0.00132
30. 0.001338
31. 0.00138
32. 0.001356
33. 0.001311
34. 0.001428
35. 0.001385
36. 0.001305
37. 0.001378
38. 0.001316
39. 0.001418
40. 0.001357
41. 0.00134
42. 0.001309
43. 0.001321
44. 0.001336
45. 0.001337
46. 0.001494
47. 0.001425
48. 0.001391
49. 0.001409
50. 0.001486
51. 0.001454
52. 0.001428
53. 0.00145
54. 0.001323
55. 0.001336
56. 0.001319
57. 0.001359
58. 0.00139
59. 0.001352
60. 0.001313
61. 0.001309
62. 0.001348
63. 0.001316
64. 0.001345
65. 0.001364
66. 0.001314
67. 0.001384
68. 0.001363
69. 0.001362
70. 0.001379
71. 0.001348
72. 0.001313
73. 0.001346
74. 0.001307
75. 0.001357
76. 0.001345
77. 0.001327
78. 0.001313
79. 0.00131
80. 0.001353
81. 0.001345
82. 0.001345
83. 0.001396
84. 0.001385
85. 0.001308
86. 0.001322
87. 0.001412
88. 0.001357
89. 0.001473
90. 0.001327
91. 0.001357
92. 0.001366
93. 0.001322
94. 0.0013
95. 0.001305
96. 0.001318
97. 0.001328
98. 0.001383
99. 0.001306
100. 0.001326
