1. 0.014783
2. 0.014916
3. 0.014439
4. 0.014417
5. 0.014515
6. 0.014471
7. 0.014448
8. 0.014624
9. 0.014487
10. 0.014701
11. 0.015083
12. 0.01475
13. 0.014419
14. 0.014362
15. 0.014799
16. 0.014845
17. 0.014387
18. 0.015761
19. 0.014719
20. 0.014271
21. 0.014651
22. 0.014704
23. 0.014441
24. 0.014571
25. 0.014645
26. 0.014495
27. 0.014408
28. 0.014453
29. 0.014521
30. 0.014819
31. 0.014655
32. 0.014631
33. 0.014506
34. 0.014843
35. 0.014702
36. 0.014668
37. 0.014734
38. 0.014386
39. 0.014278
40. 0.014446
41. 0.014649
42. 0.014488
43. 0.014896
44. 0.014544
45. 0.014583
46. 0.014331
47. 0.014131
48. 0.014789
49. 0.014523
50. 0.014473
51. 0.014595
52. 0.01427
53. 0.014563
54. 0.014253
55. 0.014665
56. 0.014481
57. 0.014283
58. 0.014527
59. 0.014703
60. 0.014685
61. 0.01462
62. 0.014641
63. 0.014442
64. 0.014837
65. 0.014459
66. 0.014426
67. 0.014846
68. 0.014293
69. 0.014231
70. 0.014356
71. 0.015307
72. 0.01431
73. 0.014496
74. 0.015308
75. 0.014492
76. 0.014593
77. 0.01497
78. 0.01489
79. 0.014506
80. 0.014478
81. 0.014288
82. 0.014661
83. 0.014245
84. 0.014369
85. 0.014318
86. 0.01443
87. 0.014537
88. 0.014708
89. 0.014643
90. 0.014849
91. 0.01432
92. 0.014758
93. 0.014727
94. 0.014685
95. 0.014312
96. 0.014442
97. 0.014403
98. 0.014897
99. 0.01462
100. 0.014096
