1. 0.072717
2. 0.073149
3. 0.072895
4. 0.072305
5. 0.072482
6. 0.072733
7. 0.073959
8. 0.072951
9. 0.071565
10. 0.072029
11. 0.075072
12. 0.073511
13. 0.075011
14. 0.07471
15. 0.073766
16. 0.072184
17. 0.072479
18. 0.073407
19. 0.074019
20. 0.072464
21. 0.073475
22. 0.072811
23. 0.080198
24. 0.072749
25. 0.0717
26. 0.072488
27. 0.072921
28. 0.073443
29. 0.072056
30. 0.072552
31. 0.072365
32. 0.073269
33. 0.073651
34. 0.072422
35. 0.072995
36. 0.074114
37. 0.07499
38. 0.074174
39. 0.074396
40. 0.072968
41. 0.071169
42. 0.073969
43. 0.073492
44. 0.072793
45. 0.073001
46. 0.07252
47. 0.072504
48. 0.073275
49. 0.073418
50. 0.072367
51. 0.072142
52. 0.071844
53. 0.072964
54. 0.072084
55. 0.075518
56. 0.071711
57. 0.071809
58. 0.073732
59. 0.072783
60. 0.071465
61. 0.072959
62. 0.072047
63. 0.07262
64. 0.071919
65. 0.07303
66. 0.072033
67. 0.072916
68. 0.073062
69. 0.073462
70. 0.075675
71. 0.072767
72. 0.073949
73. 0.073682
74. 0.075041
75. 0.074211
76. 0.073711
77. 0.079073
78. 0.073856
79. 0.087606
80. 0.086998
81. 0.073796
82. 0.073756
83. 0.072236
84. 0.074159
85. 0.073964
86. 0.074436
87. 0.072998
88. 0.072821
89. 0.074209
90. 0.073
91. 0.072907
92. 0.074917
93. 0.07326
94. 0.072363
95. 0.071993
96. 0.075569
97. 0.074575
98. 0.074715
99. 0.073775
100. 0.073617
