1. 0.007572
2. 0.007213
3. 0.007265
4. 0.007195
5. 0.007256
6. 0.007209
7. 0.007292
8. 0.007205
9. 0.007969
10. 0.007674
11. 0.007202
12. 0.007268
13. 0.00718
14. 0.007181
15. 0.007071
16. 0.007162
17. 0.007212
18. 0.007067
19. 0.007118
20. 0.007039
21. 0.007305
22. 0.00708
23. 0.007241
24. 0.007283
25. 0.007215
26. 0.00721
27. 0.007284
28. 0.007047
29. 0.007488
30. 0.0073
31. 0.007324
32. 0.007225
33. 0.00742
34. 0.007125
35. 0.007227
36. 0.007128
37. 0.007285
38. 0.007279
39. 0.007197
40. 0.007354
41. 0.007241
42. 0.007078
43. 0.007108
44. 0.00727
45. 0.007192
46. 0.007234
47. 0.007185
48. 0.007023
49. 0.007117
50. 0.007109
51. 0.007188
52. 0.007067
53. 0.007236
54. 0.007246
55. 0.007008
56. 0.007337
57. 0.007517
58. 0.007361
59. 0.007159
60. 0.007452
61. 0.00719
62. 0.007165
63. 0.007327
64. 0.007167
65. 0.007111
66. 0.007605
67. 0.007122
68. 0.007343
69. 0.00734
70. 0.007306
71. 0.007126
72. 0.007349
73. 0.007734
74. 0.007364
75. 0.007274
76. 0.00724
77. 0.007171
78. 0.007262
79. 0.007187
80. 0.007238
81. 0.007334
82. 0.007262
83. 0.007445
84. 0.00713
85. 0.00707
86. 0.007055
87. 0.007241
88. 0.007318
89. 0.007113
90. 0.007321
91. 0.007169
92. 0.007006
93. 0.007123
94. 0.007299
95. 0.007062
96. 0.007075
97. 0.007304
98. 0.007245
99. 0.007186
100. 0.007062
