1. 0.053558
2. 0.056651
3. 0.05643
4. 0.054521
5. 0.055055
6. 0.054168
7. 0.053186
8. 0.052965
9. 0.055586
10. 0.054571
11. 0.055602
12. 0.054275
13. 0.056898
14. 0.055929
15. 0.054326
16. 0.056308
17. 0.054655
18. 0.053818
19. 0.053359
20. 0.054631
21. 0.054679
22. 0.05634
23. 0.054785
24. 0.052432
25. 0.055076
26. 0.056411
27. 0.057125
28. 0.058297
29. 0.053629
30. 0.055076
31. 0.057097
32. 0.05698
33. 0.055594
34. 0.05476
35. 0.056274
36. 0.056741
37. 0.057873
38. 0.053021
39. 0.055106
40. 0.058059
41. 0.055509
42. 0.05739
43. 0.05511
44. 0.053327
45. 0.055
46. 0.052826
47. 0.057544
48. 0.055223
49. 0.054933
50. 0.053809
51. 0.055829
52. 0.057728
53. 0.057924
54. 0.055014
55. 0.052889
56. 0.057102
57. 0.054556
58. 0.05634
59. 0.054549
60. 0.055104
61. 0.052884
62. 0.05318
63. 0.055331
64. 0.05511
65. 0.056387
66. 0.054119
67. 0.05343
68. 0.055307
69. 0.05696
70. 0.055935
71. 0.055565
72. 0.053222
73. 0.055668
74. 0.055858
75. 0.056201
76. 0.054061
77. 0.055882
78. 0.059049
79. 0.05416
80. 0.053899
81. 0.051047
82. 0.054626
83. 0.053006
84. 0.057703
85. 0.054386
86. 0.056511
87. 0.052951
88. 0.052147
89. 0.053671
90. 0.056311
91. 0.05554
92. 0.055419
93. 0.055442
94. 0.05483
95. 0.056374
96. 0.057971
97. 0.058113
98. 0.05472
99. 0.058382
100. 0.053779
