1. 0.071636
2. 0.074607
3. 0.07303
4. 0.070904
5. 0.073793
6. 0.071998
7. 0.07071
8. 0.073425
9. 0.073714
10. 0.070927
11. 0.072936
12. 0.071966
13. 0.073068
14. 0.073478
15. 0.071465
16. 0.074734
17. 0.07516
18. 0.07496
19. 0.074241
20. 0.073743
21. 0.073555
22. 0.074347
23. 0.072965
24. 0.072719
25. 0.073369
26. 0.075617
27. 0.071231
28. 0.074154
29. 0.07613
30. 0.071754
31. 0.076622
32. 0.073704
33. 0.074865
34. 0.071352
35. 0.070509
36. 0.071824
37. 0.074585
38. 0.071564
39. 0.071961
40. 0.072284
41. 0.072563
42. 0.072166
43. 0.074516
44. 0.070304
45. 0.071729
46. 0.073594
47. 0.072238
48. 0.072688
49. 0.072947
50. 0.071864
51. 0.075805
52. 0.070625
53. 0.073213
54. 0.073168
55. 0.074088
56. 0.072564
57. 0.071948
58. 0.071701
59. 0.074104
60. 0.072573
61. 0.073059
62. 0.075007
63. 0.073573
64. 0.071188
65. 0.073466
66. 0.073008
67. 0.071721
68. 0.071908
69. 0.072632
70. 0.07242
71. 0.071996
72. 0.072413
73. 0.07264
74. 0.071662
75. 0.071819
76. 0.072825
77. 0.073582
78. 0.071359
79. 0.075768
80. 0.071151
81. 0.072452
82. 0.073572
83. 0.074159
84. 0.075839
85. 0.075837
86. 0.071981
87. 0.073519
88. 0.073527
89. 0.073553
90. 0.073151
91. 0.072185
92. 0.070284
93. 0.072009
94. 0.072406
95. 0.071788
96. 0.072551
97. 0.071961
98. 0.072206
99. 0.071543
100. 0.074811
