1. 0.010898
2. 0.006983
3. 0.007371
4. 0.006811
5. 0.006847
6. 0.006942
7. 0.007843
8. 0.006818
9. 0.00703
10. 0.007379
11. 0.006749
12. 0.007262
13. 0.006717
14. 0.007469
15. 0.006795
16. 0.007722
17. 0.006736
18. 0.006889
19. 0.007202
20. 0.006801
21. 0.006851
22. 0.007017
23. 0.007284
24. 0.007265
25. 0.006773
26. 0.007041
27. 0.00768
28. 0.008163
29. 0.006736
30. 0.007063
31. 0.007201
32. 0.006941
33. 0.007379
34. 0.006751
35. 0.007702
36. 0.007088
37. 0.007728
38. 0.00708
39. 0.006901
40. 0.00713
41. 0.00735
42. 0.006849
43. 0.006796
44. 0.007173
45. 0.006783
46. 0.006777
47. 0.006975
48. 0.007173
49. 0.007257
50. 0.006747
51. 0.007268
52. 0.007535
53. 0.006912
54. 0.006901
55. 0.007198
56. 0.008055
57. 0.006859
58. 0.007303
59. 0.006739
60. 0.007696
61. 0.007093
62. 0.006986
63. 0.006893
64. 0.006815
65. 0.007434
66. 0.006941
67. 0.007209
68. 0.007032
69. 0.007135
70. 0.00717
71. 0.006888
72. 0.006766
73. 0.007243
74. 0.0074
75. 0.006767
76. 0.006982
77. 0.008046
78. 0.006975
79. 0.007358
80. 0.006691
81. 0.007496
82. 0.006932
83. 0.00744
84. 0.006747
85. 0.00706
86. 0.007384
87. 0.006752
88. 0.007184
89. 0.006725
90. 0.007606
91. 0.007104
92. 0.006961
93. 0.006892
94. 0.007396
95. 0.007642
96. 0.006744
97. 0.006953
98. 0.007791
99. 0.006826
100. 0.007032
