1. 0.013477
2. 0.012363
3. 0.009441
4. 0.008209
5. 0.008218
6. 0.008247
7. 0.008292
8. 0.008331
9. 0.008106
10. 0.008105
11. 0.008717
12. 0.008254
13. 0.008146
14. 0.008214
15. 0.008211
16. 0.008096
17. 0.008043
18. 0.008274
19. 0.008372
20. 0.008117
21. 0.008146
22. 0.008266
23. 0.008175
24. 0.008143
25. 0.008146
26. 0.008193
27. 0.008124
28. 0.008297
29. 0.008253
30. 0.008169
31. 0.008161
32. 0.00824
33. 0.008342
34. 0.008134
35. 0.008173
36. 0.008069
37. 0.008234
38. 0.008117
39. 0.008188
40. 0.008413
41. 0.008195
42. 0.008257
43. 0.008178
44. 0.007987
45. 0.00817
46. 0.008102
47. 0.008215
48. 0.008113
49. 0.008625
50. 0.008275
51. 0.008342
52. 0.008181
53. 0.008163
54. 0.008167
55. 0.008215
56. 0.008274
57. 0.008228
58. 0.008322
59. 0.010234
60. 0.00849
61. 0.008157
62. 0.008256
63. 0.008221
64. 0.008043
65. 0.008441
66. 0.008187
67. 0.008403
68. 0.008126
69. 0.008255
70. 0.009744
71. 0.008549
72. 0.008035
73. 0.008279
74. 0.008229
75. 0.008391
76. 0.008599
77. 0.008464
78. 0.008214
79. 0.008158
80. 0.008184
81. 0.008226
82. 0.008159
83. 0.008925
84. 0.008226
85. 0.008137
86. 0.008315
87. 0.008333
88. 0.008581
89. 0.008147
90. 0.008143
91. 0.008204
92. 0.008113
93. 0.008233
94. 0.008717
95. 0.008053
96. 0.008171
97. 0.008268
98. 0.008269
99. 0.008211
100. 0.008185
