1. 1.21616
2. 1.32576
3. 1.42103
4. 1.19972
5. 1.18232
6. 1.18718
7. 1.43828
8. 1.26308
9. 1.18306
10. 1.15097
11. 1.40268
12. 1.41379
13. 1.26797
14. 1.30729
15. 1.1612
16. 1.15726
17. 1.15126
18. 1.2
19. 1.15389
20. 1.14968
21. 1.14857
22. 1.15258
23. 1.15197
24. 1.15153
25. 1.1508
26. 1.15317
27. 1.15451
28. 1.14918
29. 1.14841
30. 1.14942
31. 1.14721
32. 1.1515
33. 1.15035
34. 1.15003
35. 1.16484
36. 1.16242
37. 1.15668
38. 1.15611
39. 1.16601
40. 1.15662
41. 1.32996
42. 1.25924
43. 1.2009
44. 1.21322
45. 1.20224
46. 1.36582
47. 1.28552
48. 1.25504
49. 1.41786
50. 1.32992
51. 1.27177
52. 1.16423
53. 1.17573
54. 1.15465
55. 1.16716
56. 1.20219
57. 1.19492
58. 1.15005
59. 1.1512
60. 1.15114
61. 1.14804
62. 1.15532
63. 1.15537
64. 1.15909
65. 1.154
66. 1.15447
67. 1.16509
68. 1.16696
69. 1.34939
70. 1.22464
71. 1.29703
72. 1.27424
73. 1.25109
74. 1.14997
75. 1.15553
76. 1.151
77. 1.15452
78. 1.15232
79. 1.15226
80. 1.16224
81. 1.19087
82. 1.19348
83. 1.15479
84. 1.17763
85. 1.25506
86. 1.33483
87. 1.28129
88. 1.31312
89. 1.25741
90. 1.23787
91. 1.31876
92. 1.1919
93. 1.18203
94. 1.21753
95. 1.34963
96. 1.35608
97. 1.30147
98. 1.18102
99. 1.21245
100. 1.22174
