1. 0.00342
2. 0.001965
3. 0.001282
4. 0.00123
5. 0.001263
6. 0.001234
7. 0.001291
8. 0.001053
9. 0.001012
10. 0.001053
11. 0.00104
12. 0.001039
13. 0.001041
14. 0.001045
15. 0.001007
16. 0.00103
17. 0.001103
18. 0.001045
19. 0.00102
20. 0.001037
21. 0.001022
22. 0.001018
23. 0.001012
24. 0.00107
25. 0.001051
26. 0.001051
27. 0.001064
28. 0.001008
29. 0.001016
30. 0.001006
31. 0.001014
32. 0.001023
33. 0.001007
34. 0.001002
35. 0.001029
36. 0.001008
37. 0.00103
38. 0.001028
39. 0.001022
40. 0.001007
41. 0.001018
42. 0.001031
43. 0.001015
44. 0.001033
45. 0.001018
46. 0.001017
47. 0.001052
48. 0.001059
49. 0.001065
50. 0.001027
51. 0.001051
52. 0.001034
53. 0.001014
54. 0.001011
55. 0.001007
56. 0.001012
57. 0.000997
58. 0.001031
59. 0.001067
60. 0.001018
61. 0.001017
62. 0.001016
63. 0.001026
64. 0.001263
65. 0.00122
66. 0.001265
67. 0.001047
68. 0.001044
69. 0.001064
70. 0.001059
71. 0.001065
72. 0.001057
73. 0.001051
74. 0.00108
75. 0.001042
76. 0.00105
77. 0.001038
78. 0.001042
79. 0.001041
80. 0.001051
81. 0.00105
82. 0.001068
83. 0.001055
84. 0.001048
85. 0.001054
86. 0.001022
87. 0.001019
88. 0.001021
89. 0.001039
90. 0.001004
91. 0.001021
92. 0.001026
93. 0.001042
94. 0.001032
95. 0.001033
96. 0.001012
97. 0.001029
98. 0.001007
99. 0.001027
100. 0.001021
