1. 0.015252
2. 0.014238
3. 0.014187
4. 0.014555
5. 0.013783
6. 0.014318
7. 0.014181
8. 0.015292
9. 0.014106
10. 0.014163
11. 0.014336
12. 0.013644
13. 0.014332
14. 0.014429
15. 0.015126
16. 0.015713
17. 0.014988
18. 0.014059
19. 0.014413
20. 0.014519
21. 0.014666
22. 0.013883
23. 0.014493
24. 0.014304
25. 0.014049
26. 0.013973
27. 0.014424
28. 0.013855
29. 0.014771
30. 0.013969
31. 0.015112
32. 0.013867
33. 0.014861
34. 0.014172
35. 0.014593
36. 0.014163
37. 0.014026
38. 0.014187
39. 0.01406
40. 0.01414
41. 0.013722
42. 0.014216
43. 0.014713
44. 0.014704
45. 0.014285
46. 0.014306
47. 0.014146
48. 0.014932
49. 0.013946
50. 0.013915
51. 0.014309
52. 0.013872
53. 0.014079
54. 0.013753
55. 0.01525
56. 0.013898
57. 0.01504
58. 0.013776
59. 0.014046
60. 0.014095
61. 0.014168
62. 0.013903
63. 0.014442
64. 0.014115
65. 0.013989
66. 0.01447
67. 0.014456
68. 0.014313
69. 0.014281
70. 0.014771
71. 0.014079
72. 0.014496
73. 0.013778
74. 0.013971
75. 0.014286
76. 0.01461
77. 0.014244
78. 0.01518
79. 0.014331
80. 0.014357
81. 0.014319
82. 0.014502
83. 0.014234
84. 0.014076
85. 0.014732
86. 0.013809
87. 0.014341
88. 0.01363
89. 0.015049
90. 0.013924
91. 0.015332
92. 0.01471
93. 0.014675
94. 0.014029
95. 0.014718
96. 0.014069
97. 0.014044
98. 0.014824
99. 0.014725
100. 0.014311
