1. 0.002491
2. 0.002575
3. 0.001998
4. 0.001308
5. 0.001299
6. 0.001303
7. 0.001405
8. 0.001345
9. 0.001303
10. 0.001357
11. 0.001335
12. 0.001259
13. 0.00147
14. 0.001426
15. 0.001316
16. 0.001307
17. 0.001299
18. 0.001307
19. 0.001324
20. 0.001314
21. 0.001273
22. 0.001305
23. 0.00134
24. 0.001258
25. 0.001264
26. 0.001297
27. 0.001263
28. 0.0013
29. 0.001366
30. 0.001286
31. 0.001377
32. 0.0013
33. 0.001262
34. 0.001299
35. 0.001293
36. 0.001364
37. 0.001461
38. 0.001401
39. 0.001353
40. 0.001341
41. 0.001316
42. 0.001349
43. 0.001271
44. 0.001282
45. 0.001453
46. 0.00134
47. 0.001394
48. 0.00152
49. 0.001348
50. 0.001354
51. 0.001285
52. 0.001315
53. 0.001243
54. 0.001272
55. 0.001299
56. 0.001333
57. 0.001335
58. 0.001396
59. 0.001314
60. 0.001357
61. 0.001519
62. 0.001363
63. 0.001328
64. 0.001293
65. 0.001296
66. 0.001337
67. 0.001352
68. 0.001308
69. 0.001263
70. 0.00127
71. 0.001342
72. 0.001447
73. 0.001346
74. 0.001277
75. 0.001338
76. 0.001289
77. 0.00145
78. 0.001583
79. 0.001373
80. 0.001353
81. 0.001345
82. 0.001274
83. 0.001284
84. 0.00139
85. 0.0014
86. 0.001451
87. 0.001294
88. 0.001384
89. 0.001263
90. 0.001277
91. 0.001281
92. 0.001273
93. 0.001495
94. 0.001588
95. 0.001475
96. 0.001482
97. 0.001343
98. 0.001329
99. 0.0013
100. 0.001298
