1. 0.320589
2. 0.319678
3. 0.319045
4. 0.320328
5. 0.318943
6. 0.321154
7. 0.316635
8. 0.322116
9. 0.323622
10. 0.320069
11. 0.325074
12. 0.317853
13. 0.318514
14. 0.318376
15. 0.317604
16. 0.322315
17. 0.317178
18. 0.316111
19. 0.320825
20. 0.319226
21. 0.317338
22. 0.31886
23. 0.318841
24. 0.318353
25. 0.320703
26. 0.31671
27. 0.320405
28. 0.318034
29. 0.315897
30. 0.320748
31. 0.319849
32. 0.31549
33. 0.31691
34. 0.31943
35. 0.316027
36. 0.320119
37. 0.319671
38. 0.316174
39. 0.320216
40. 0.320242
41. 0.318333
42. 0.318874
43. 0.317733
44. 0.321424
45. 0.329058
46. 0.322055
47. 0.326305
48. 0.316778
49. 0.331792
50. 0.324678
51. 0.325307
52. 0.319786
53. 0.320521
54. 0.326916
55. 0.319005
56. 0.320226
57. 0.319904
58. 0.320112
59. 0.326373
60. 0.322359
61. 0.322201
62. 0.37434
63. 0.33212
64. 0.31977
65. 0.320785
66. 0.322564
67. 0.318633
68. 0.322276
69. 0.366516
70. 0.335647
71. 0.3268
72. 0.322222
73. 0.316347
74. 0.331107
75. 0.320717
76. 0.31557
77. 0.320194
78. 0.317778
79. 0.319672
80. 0.320813
81. 0.324626
82. 0.323478
83. 0.32933
84. 0.320981
85. 0.316834
86. 0.394622
87. 0.318007
88. 0.447821
89. 0.331642
90. 0.320062
91. 0.324764
92. 0.32693
93. 0.332154
94. 0.339681
95. 0.316479
96. 0.318667
97. 0.320387
98. 0.321613
99. 0.337591
100. 0.324587
1. 0.323178
2. 0.315671
3. 0.317456
4. 0.321513
5. 0.323772
6. 0.366744
7. 0.385363
8. 0.334647
9. 0.322983
10. 0.328204
11. 0.317875
12. 0.331832
13. 0.356898
14. 0.340649
15. 0.328204
16. 0.332091
17. 0.33518
18. 0.324196
19. 0.333159
20. 0.322354
21. 0.322387
22. 0.322242
23. 0.33632
24. 0.329836
25. 0.325638
26. 0.335003
27. 0.379939
28. 0.487658
29. 0.356867
30. 0.450372
31. 0.55312
32. 0.412286
33. 0.372956
34. 0.358883
35. 0.348588
36. 0.317858
37. 0.319636
38. 0.322671
39. 0.320019
40. 0.318145
41. 0.31918
42. 0.318992
43. 0.316976
44. 0.320287
45. 0.318404
46. 0.316582
47. 0.326364
48. 0.31964
49. 0.315767
50. 0.318565
51. 0.319593
52. 0.32031
53. 0.329076
54. 0.338401
55. 0.339505
56. 0.370429
57. 0.354544
58. 0.328028
59. 0.334618
60. 0.340229
61. 0.338019
62. 0.335062
63. 0.330025
64. 0.35958
65. 0.326939
66. 0.320623
67. 0.340414
68. 0.330623
69. 0.324413
70. 0.315815
71. 0.319366
72. 0.340319
73. 0.321099
74. 0.365631
75. 0.415263
76. 0.479254
77. 0.390279
78. 0.437881
79. 0.406089
80. 0.357985
81. 0.361133
82. 0.425503
83. 0.405976
84. 0.434899
85. 0.455131
86. 0.410416
87. 0.377086
88. 0.361519
89. 0.370308
90. 0.331636
91. 0.315001
92. 0.331901
93. 0.348891
94. 0.326112
95. 0.325873
96. 0.327765
97. 0.317645
98. 0.317634
99. 0.325102
100. 0.320791
