1. 0.153174
2. 0.150388
3. 0.147634
4. 0.147661
5. 0.145077
6. 0.149651
7. 0.146318
8. 0.147826
9. 0.146402
10. 0.147372
11. 0.146922
12. 0.149131
13. 0.147776
14. 0.146359
15. 0.146575
16. 0.152881
17. 0.15013
18. 0.149382
19. 0.14557
20. 0.14784
21. 0.149541
22. 0.150932
23. 0.148576
24. 0.148632
25. 0.146464
26. 0.146051
27. 0.147884
28. 0.144964
29. 0.149744
30. 0.144982
31. 0.149466
32. 0.145719
33. 0.14786
34. 0.150445
35. 0.14579
36. 0.146987
37. 0.147983
38. 0.150173
39. 0.148669
40. 0.146439
41. 0.151729
42. 0.14603
43. 0.147546
44. 0.147469
45. 0.149814
46. 0.148421
47. 0.148051
48. 0.148871
49. 0.146671
50. 0.148118
51. 0.147166
52. 0.149735
53. 0.145506
54. 0.147619
55. 0.147346
56. 0.145813
57. 0.150875
58. 0.150383
59. 0.145614
60. 0.146299
61. 0.153683
62. 0.147097
63. 0.147435
64. 0.145433
65. 0.144908
66. 0.148794
67. 0.152853
68. 0.145173
69. 0.145431
70. 0.148478
71. 0.150972
72. 0.146146
73. 0.145736
74. 0.147026
75. 0.143656
76. 0.150041
77. 0.146007
78. 0.145717
79. 0.144483
80. 0.148729
81. 0.147342
82. 0.14815
83. 0.143369
84. 0.148761
85. 0.149005
86. 0.149727
87. 0.148239
88. 0.153032
89. 0.146158
90. 0.145775
91. 0.148291
92. 0.151741
93. 0.146148
94. 0.153681
95. 0.150673
96. 0.14762
97. 0.154373
98. 0.150121
99. 0.15075
100. 0.151738
