1. 0.012317
2. 0.010795
3. 0.011049
4. 0.010753
5. 0.011063
6. 0.01093
7. 0.011245
8. 0.010728
9. 0.010874
10. 0.010835
11. 0.010744
12. 0.010734
13. 0.010759
14. 0.010693
15. 0.010794
16. 0.010534
17. 0.01115
18. 0.010689
19. 0.010786
20. 0.010599
21. 0.010688
22. 0.010968
23. 0.010718
24. 0.010864
25. 0.010576
26. 0.010787
27. 0.010836
28. 0.010929
29. 0.010694
30. 0.012438
31. 0.011053
32. 0.010449
33. 0.010879
34. 0.010662
35. 0.010808
36. 0.010792
37. 0.010845
38. 0.010714
39. 0.010797
40. 0.010566
41. 0.010814
42. 0.010909
43. 0.010892
44. 0.010764
45. 0.010591
46. 0.01091
47. 0.01078
48. 0.010792
49. 0.010886
50. 0.010832
51. 0.010864
52. 0.010732
53. 0.010852
54. 0.010917
55. 0.010777
56. 0.010646
57. 0.010805
58. 0.01092
59. 0.011021
60. 0.01072
61. 0.010723
62. 0.010758
63. 0.010799
64. 0.010934
65. 0.010927
66. 0.010844
67. 0.010862
68. 0.010951
69. 0.010689
70. 0.010887
71. 0.010699
72. 0.011121
73. 0.01098
74. 0.01067
75. 0.010779
76. 0.010698
77. 0.010724
78. 0.010833
79. 0.010669
80. 0.010544
81. 0.010771
82. 0.010637
83. 0.010833
84. 0.010556
85. 0.01105
86. 0.011053
87. 0.010812
88. 0.010744
89. 0.010646
90. 0.011026
91. 0.011116
92. 0.010925
93. 0.010796
94. 0.01089
95. 0.010938
96. 0.010663
97. 0.01092
98. 0.010768
99. 0.010584
100. 0.010629
