1. 0.002918
2. 0.001024
3. 0.00131
4. 0.001044
5. 0.000982
6. 0.000981
7. 0.000981
8. 0.001008
9. 0.000982
10. 0.001011
11. 0.001054
12. 0.000982
13. 0.001021
14. 0.000988
15. 0.001039
16. 0.00098
17. 0.000983
18. 0.001029
19. 0.000983
20. 0.001009
21. 0.000981
22. 0.000982
23. 0.000983
24. 0.000983
25. 0.001008
26. 0.000982
27. 0.001006
28. 0.000983
29. 0.000982
30. 0.000983
31. 0.000981
32. 0.001006
33. 0.000982
34. 0.000981
35. 0.000981
36. 0.000982
37. 0.001012
38. 0.000983
39. 0.001013
40. 0.001029
41. 0.000982
42. 0.000983
43. 0.000982
44. 0.001029
45. 0.001464
46. 0.001417
47. 0.001406
48. 0.00114
49. 0.001736
50. 0.001157
51. 0.001014
52. 0.000984
53. 0.000983
54. 0.000982
55. 0.00127
56. 0.001008
57. 0.000982
58. 0.001033
59. 0.001027
60. 0.001054
61. 0.001006
62. 0.000981
63. 0.001003
64. 0.001014
65. 0.000978
66. 0.00098
67. 0.000977
68. 0.000981
69. 0.000981
70. 0.001003
71. 0.000981
72. 0.001004
73. 0.000978
74. 0.001
75. 0.000981
76. 0.000978
77. 0.001003
78. 0.000981
79. 0.001003
80. 0.000977
81. 0.001002
82. 0.00102
83. 0.000981
84. 0.000981
85. 0.000981
86. 0.001007
87. 0.001001
88. 0.001009
89. 0.000982
90. 0.00098
91. 0.000982
92. 0.001014
93. 0.001039
94. 0.001049
95. 0.001085
96. 0.001001
97. 0.000983
98. 0.000984
99. 0.000982
100. 0.001004
