1. 0.140066
2. 0.140024
3. 0.139046
4. 0.140163
5. 0.139689
6. 0.150796
7. 0.146811
8. 0.143174
9. 0.138924
10. 0.139576
11. 0.141324
12. 0.143094
13. 0.14424
14. 0.157468
15. 0.146269
16. 0.139416
17. 0.141917
18. 0.140616
19. 0.140913
20. 0.139368
21. 0.14432
22. 0.150113
23. 0.164634
24. 0.140329
25. 0.145372
26. 0.139588
27. 0.139787
28. 0.149454
29. 0.143787
30. 0.156022
31. 0.139387
32. 0.147796
33. 0.144861
34. 0.144772
35. 0.142859
36. 0.139037
37. 0.139262
38. 0.138512
39. 0.140296
40. 0.141521
41. 0.144037
42. 0.144352
43. 0.140317
44. 0.138708
45. 0.143207
46. 0.138839
47. 0.139379
48. 0.140342
49. 0.139048
50. 0.156603
51. 0.142932
52. 0.139784
53. 0.141961
54. 0.149001
55. 0.176214
56. 0.146635
57. 0.152539
58. 0.147135
59. 0.149213
60. 0.154766
61. 0.153857
62. 0.145907
63. 0.139217
64. 0.139527
65. 0.156205
66. 0.159667
67. 0.13855
68. 0.138477
69. 0.138788
70. 0.138359
71. 0.138558
72. 0.138508
73. 0.138287
74. 0.138151
75. 0.138202
76. 0.138304
77. 0.138694
78. 0.139523
79. 0.138403
80. 0.138444
81. 0.138316
82. 0.13836
83. 0.138428
84. 0.138393
85. 0.138096
86. 0.138181
87. 0.138184
88. 0.138328
89. 0.138227
90. 0.138357
91. 0.138434
92. 0.138363
93. 0.138343
94. 0.138434
95. 0.13841
96. 0.13864
97. 0.139912
98. 0.145034
99. 0.138656
100. 0.142654
