1. 0.012188
2. 0.011992
3. 0.011906
4. 0.012424
5. 0.012016
6. 0.012209
7. 0.011905
8. 0.012043
9. 0.011975
10. 0.012025
11. 0.011938
12. 0.012009
13. 0.011926
14. 0.011967
15. 0.012008
16. 0.011959
17. 0.011999
18. 0.013772
19. 0.011948
20. 0.011934
21. 0.011959
22. 0.011956
23. 0.011959
24. 0.012007
25. 0.011942
26. 0.011934
27. 0.011927
28. 0.01201
29. 0.011968
30. 0.011922
31. 0.011935
32. 0.011975
33. 0.011932
34. 0.011936
35. 0.01192
36. 0.012009
37. 0.012048
38. 0.012642
39. 0.012027
40. 0.011935
41. 0.011959
42. 0.011913
43. 0.01188
44. 0.011914
45. 0.011984
46. 0.011955
47. 0.011924
48. 0.011962
49. 0.011957
50. 0.012004
51. 0.011945
52. 0.011931
53. 0.011918
54. 0.011942
55. 0.012254
56. 0.011968
57. 0.011877
58. 0.012357
59. 0.011979
60. 0.011905
61. 0.011913
62. 0.011918
63. 0.011929
64. 0.011892
65. 0.011915
66. 0.011905
67. 0.011951
68. 0.01201
69. 0.011906
70. 0.011886
71. 0.011968
72. 0.012021
73. 0.011933
74. 0.011893
75. 0.012432
76. 0.011937
77. 0.012783
78. 0.011908
79. 0.011929
80. 0.012056
81. 0.01197
82. 0.011902
83. 0.011884
84. 0.011978
85. 0.011964
86. 0.011919
87. 0.01193
88. 0.011915
89. 0.011966
90. 0.012021
91. 0.011948
92. 0.011942
93. 0.011942
94. 0.01196
95. 0.011997
96. 0.011931
97. 0.013358
98. 0.012003
99. 0.01204
100. 0.011915
