1. 0.005762
2. 0.005856
3. 0.005641
4. 0.00564
5. 0.005667
6. 0.005644
7. 0.006161
8. 0.00566
9. 0.005643
10. 0.007531
11. 0.005694
12. 0.005636
13. 0.00566
14. 0.005696
15. 0.005707
16. 0.005668
17. 0.005685
18. 0.005655
19. 0.005807
20. 0.005652
21. 0.00568
22. 0.005646
23. 0.005643
24. 0.005709
25. 0.005676
26. 0.005657
27. 0.005662
28. 0.005695
29. 0.005686
30. 0.00591
31. 0.005643
32. 0.005637
33. 0.005653
34. 0.005665
35. 0.005684
36. 0.00566
37. 0.005637
38. 0.00564
39. 0.005668
40. 0.005641
41. 0.005641
42. 0.005633
43. 0.005639
44. 0.00564
45. 0.005659
46. 0.005672
47. 0.006011
48. 0.005692
49. 0.00564
50. 0.00564
51. 0.005631
52. 0.005685
53. 0.00566
54. 0.005663
55. 0.00569
56. 0.005669
57. 0.005655
58. 0.00563
59. 0.005662
60. 0.005846
61. 0.00567
62. 0.005643
63. 0.005683
64. 0.005688
65. 0.00566
66. 0.005638
67. 0.005642
68. 0.005633
69. 0.005639
70. 0.005642
71. 0.005661
72. 0.005654
73. 0.005666
74. 0.005665
75. 0.00566
76. 0.005678
77. 0.005654
78. 0.005637
79. 0.005643
80. 0.005651
81. 0.005678
82. 0.005646
83. 0.00575
84. 0.00569
85. 0.005655
86. 0.005658
87. 0.005918
88. 0.005668
89. 0.005652
90. 0.005679
91. 0.005646
92. 0.00566
93. 0.005662
94. 0.005692
95. 0.0057
96. 0.005669
97. 0.005656
98. 0.005679
99. 0.005669
100. 0.005666
