1. 0.067574
2. 0.067595
3. 0.068564
4. 0.06875
5. 0.067826
6. 0.066725
7. 0.066584
8. 0.066706
9. 0.06785
10. 0.067972
11. 0.06753
12. 0.06632
13. 0.066513
14. 0.067985
15. 0.066701
16. 0.066509
17. 0.067047
18. 0.067366
19. 0.067499
20. 0.066743
21. 0.066653
22. 0.066826
23. 0.066549
24. 0.067108
25. 0.068892
26. 0.066641
27. 0.066322
28. 0.067463
29. 0.067861
30. 0.066514
31. 0.066518
32. 0.06641
33. 0.066308
34. 0.066364
35. 0.066644
36. 0.066453
37. 0.066415
38. 0.066978
39. 0.067485
40. 0.068962
41. 0.068335
42. 0.06682
43. 0.067768
44. 0.069379
45. 0.070725
46. 0.068888
47. 0.067959
48. 0.068875
49. 0.069737
50. 0.06736
51. 0.066738
52. 0.066801
53. 0.067411
54. 0.067895
55. 0.067777
56. 0.067457
57. 0.06739
58. 0.06743
59. 0.068492
60. 0.067361
61. 0.067489
62. 0.066878
63. 0.067049
64. 0.066981
65. 0.067346
66. 0.068272
67. 0.066678
68. 0.066707
69. 0.066781
70. 0.068298
71. 0.067433
72. 0.066466
73. 0.066864
74. 0.067008
75. 0.066996
76. 0.067079
77. 0.067627
78. 0.066558
79. 0.06645
80. 0.066691
81. 0.067285
82. 0.066881
83. 0.066856
84. 0.067311
85. 0.067901
86. 0.066764
87. 0.066639
88. 0.066725
89. 0.066893
90. 0.066864
91. 0.066736
92. 0.066681
93. 0.066562
94. 0.066551
95. 0.06715
96. 0.067071
97. 0.067566
98. 0.067477
99. 0.066871
100. 0.06698
