1. 0.015869
2. 0.015536
3. 0.015508
4. 0.015795
5. 0.015484
6. 0.015629
7. 0.015471
8. 0.015483
9. 0.015542
10. 0.015529
11. 0.015504
12. 0.015792
13. 0.015572
14. 0.015541
15. 0.015507
16. 0.0155
17. 0.015486
18. 0.015457
19. 0.01549
20. 0.015524
21. 0.015506
22. 0.015508
23. 0.015499
24. 0.015467
25. 0.0155
26. 0.015981
27. 0.015532
28. 0.015548
29. 0.015478
30. 0.015514
31. 0.015575
32. 0.015521
33. 0.01584
34. 0.015556
35. 0.015523
36. 0.015541
37. 0.015538
38. 0.015567
39. 0.015464
40. 0.015501
41. 0.015503
42. 0.0156
43. 0.015502
44. 0.015487
45. 0.015488
46. 0.015468
47. 0.015508
48. 0.015856
49. 0.015535
50. 0.015494
51. 0.015512
52. 0.015544
53. 0.015529
54. 0.01548
55. 0.016942
56. 0.01551
57. 0.015547
58. 0.015588
59. 0.015591
60. 0.015527
61. 0.015532
62. 0.015545
63. 0.015573
64. 0.015553
65. 0.015537
66. 0.015554
67. 0.015539
68. 0.015587
69. 0.015764
70. 0.01566
71. 0.015562
72. 0.015549
73. 0.015987
74. 0.015827
75. 0.015803
76. 0.016214
77. 0.015661
78. 0.016156
79. 0.015948
80. 0.015548
81. 0.015583
82. 0.016055
83. 0.015569
84. 0.016104
85. 0.015646
86. 0.015958
87. 0.015958
88. 0.016014
89. 0.01597
90. 0.015948
91. 0.016123
92. 0.016029
93. 0.016434
94. 0.015902
95. 0.01599
96. 0.016582
97. 0.018297
98. 0.016301
99. 0.016387
100. 0.016177
