1. 0.177965
2. 0.182109
3. 0.184864
4. 0.183193
5. 0.182043
6. 0.205088
7. 0.188855
8. 0.177151
9. 0.190515
10. 0.179837
11. 0.191552
12. 0.176435
13. 0.176751
14. 0.176839
15. 0.184122
16. 0.176784
17. 0.199212
18. 0.185676
19. 0.195484
20. 0.185372
21. 0.179906
22. 0.215349
23. 0.234765
24. 0.246347
25. 0.2418
26. 0.214975
27. 0.183333
28. 0.182008
29. 0.178743
30. 0.178863
31. 0.18335
32. 0.182446
33. 0.18329
34. 0.185567
35. 0.181159
36. 0.183282
37. 0.180041
38. 0.181246
39. 0.180168
40. 0.180221
41. 0.178121
42. 0.181492
43. 0.177464
44. 0.179596
45. 0.179104
46. 0.196587
47. 0.247732
48. 0.199876
49. 0.18009
50. 0.184368
51. 0.189013
52. 0.178547
53. 0.180023
54. 0.178681
55. 0.190456
56. 0.216269
57. 0.183896
58. 0.239308
59. 0.191137
60. 0.253899
61. 0.233139
62. 0.234033
63. 0.241367
64. 0.246485
65. 0.192004
66. 0.191113
67. 0.195844
68. 0.205138
69. 0.193556
70. 0.20535
71. 0.219267
72. 0.210446
73. 0.199402
74. 0.207529
75. 0.203802
76. 0.192342
77. 0.190494
78. 0.186869
79. 0.191149
80. 0.178796
81. 0.181806
82. 0.184081
83. 0.186773
84. 0.188488
85. 0.197628
86. 0.185922
87. 0.213951
88. 0.195646
89. 0.189348
90. 0.183691
91. 0.203649
92. 0.195139
93. 0.190846
94. 0.186263
95. 0.182714
96. 0.185066
97. 0.185581
98. 0.184173
99. 0.187879
100. 0.208519
