1. 0.004953
2. 0.001546
3. 0.001394
4. 0.001349
5. 0.001324
6. 0.001298
7. 0.001305
8. 0.00171
9. 0.001814
10. 0.001558
11. 0.001323
12. 0.001332
13. 0.001301
14. 0.001304
15. 0.001296
16. 0.00132
17. 0.001295
18. 0.0013
19. 0.001296
20. 0.001311
21. 0.001297
22. 0.001298
23. 0.001317
24. 0.001318
25. 0.001335
26. 0.001313
27. 0.001319
28. 0.00132
29. 0.001296
30. 0.001298
31. 0.001296
32. 0.001319
33. 0.001303
34. 0.001301
35. 0.001297
36. 0.00132
37. 0.001297
38. 0.001301
39. 0.001295
40. 0.001319
41. 0.001297
42. 0.001299
43. 0.001296
44. 0.001327
45. 0.001296
46. 0.001336
47. 0.001383
48. 0.001357
49. 0.001298
50. 0.00133
51. 0.001319
52. 0.001326
53. 0.001296
54. 0.001301
55. 0.0013
56. 0.001321
57. 0.001299
58. 0.001302
59. 0.001298
60. 0.001321
61. 0.001316
62. 0.001321
63. 0.00132
64. 0.001342
65. 0.001319
66. 0.001322
67. 0.001321
68. 0.001343
69. 0.001318
70. 0.001318
71. 0.001299
72. 0.001342
73. 0.0013
74. 0.001306
75. 0.001318
76. 0.001341
77. 0.001298
78. 0.00133
79. 0.001355
80. 0.001385
81. 0.001361
82. 0.001365
83. 0.0013
84. 0.00133
85. 0.001297
86. 0.001328
87. 0.0013
88. 0.001299
89. 0.00135
90. 0.001296
91. 0.001298
92. 0.001295
93. 0.00132
94. 0.001297
95. 0.00133
96. 0.001297
97. 0.001355
98. 0.001326
99. 0.001311
100. 0.001297
