1. 0.086134
2. 0.084664
3. 0.085113
4. 0.084607
5. 0.084933
6. 0.084698
7. 0.085103
8. 0.084573
9. 0.084759
10. 0.084574
11. 0.086275
12. 0.084623
13. 0.084792
14. 0.084609
15. 0.105811
16. 0.092065
17. 0.086816
18. 0.084734
19. 0.088029
20. 0.085174
21. 0.085297
22. 0.084673
23. 0.084809
24. 0.085252
25. 0.08572
26. 0.085635
27. 0.085106
28. 0.086974
29. 0.084867
30. 0.085325
31. 0.084785
32. 0.086319
33. 0.084729
34. 0.084822
35. 0.084781
36. 0.085026
37. 0.086994
38. 0.088822
39. 0.086012
40. 0.087113
41. 0.084793
42. 0.084807
43. 0.084798
44. 0.085723
45. 0.08476
46. 0.087171
47. 0.088158
48. 0.089076
49. 0.085067
50. 0.084694
51. 0.087744
52. 0.087263
53. 0.084568
54. 0.084664
55. 0.085281
56. 0.094484
57. 0.084995
58. 0.120136
59. 0.118564
60. 0.108614
61. 0.088037
62. 0.089966
63. 0.08729
64. 0.085217
65. 0.085616
66. 0.085044
67. 0.087905
68. 0.087832
69. 0.086876
70. 0.08489
71. 0.086268
72. 0.085492
73. 0.085074
74. 0.085615
75. 0.08568
76. 0.086461
77. 0.085049
78. 0.08574
79. 0.086337
80. 0.085756
81. 0.08551
82. 0.085551
83. 0.085306
84. 0.085973
85. 0.085054
86. 0.1001
87. 0.106416
88. 0.08813
89. 0.109039
90. 0.093479
91. 0.085353
92. 0.084982
93. 0.093333
94. 0.089235
95. 0.088728
96. 0.089455
97. 0.089672
98. 0.089806
99. 0.090238
100. 0.089976
