1. 0.008075
2. 0.007625
3. 0.007409
4. 0.007455
5. 0.007506
6. 0.007484
7. 0.007402
8. 0.008005
9. 0.007456
10. 0.007517
11. 0.00742
12. 0.007496
13. 0.007452
14. 0.007429
15. 0.007428
16. 0.00744
17. 0.007429
18. 0.007438
19. 0.00745
20. 0.007395
21. 0.007409
22. 0.007435
23. 0.007424
24. 0.007425
25. 0.007424
26. 0.007438
27. 0.007422
28. 0.007434
29. 0.007403
30. 0.007407
31. 0.007438
32. 0.007435
33. 0.007435
34. 0.007468
35. 0.007398
36. 0.007393
37. 0.00744
38. 0.007396
39. 0.007386
40. 0.008876
41. 0.007441
42. 0.007407
43. 0.0074
44. 0.00741
45. 0.007449
46. 0.007458
47. 0.00743
48. 0.007412
49. 0.007417
50. 0.007849
51. 0.007458
52. 0.007412
53. 0.007466
54. 0.007429
55. 0.007432
56. 0.00741
57. 0.007415
58. 0.007445
59. 0.007459
60. 0.007462
61. 0.007421
62. 0.007406
63. 0.00743
64. 0.007428
65. 0.007416
66. 0.007409
67. 0.007449
68. 0.007432
69. 0.007411
70. 0.00741
71. 0.007408
72. 0.00743
73. 0.00743
74. 0.007402
75. 0.007407
76. 0.007436
77. 0.007424
78. 0.007406
79. 0.007415
80. 0.007499
81. 0.007421
82. 0.007437
83. 0.007492
84. 0.007455
85. 0.007441
86. 0.007476
87. 0.007441
88. 0.007396
89. 0.007435
90. 0.00749
91. 0.007471
92. 0.007468
93. 0.007414
94. 0.007458
95. 0.00755
96. 0.007577
97. 0.007558
98. 0.007466
99. 0.007541
100. 0.007521
