1. 0.031305
2. 0.029578
3. 0.036677
4. 0.021992
5. 0.034103
6. 0.029911
7. 0.04121
8. 0.035734
9. 0.042134
10. 0.028318
11. 0.024231
12. 0.048309
13. 0.026379
14. 0.034676
15. 0.029199
16. 0.025065
17. 0.031053
18. 0.023047
19. 0.028979
20. 0.030167
21. 0.036974
22. 0.029347
23. 0.030309
24. 0.024682
25. 0.026764
26. 0.043413
27. 0.021252
28. 0.03198
29. 0.023409
30. 0.033295
31. 0.032961
32. 0.052181
33. 0.033286
34. 0.030181
35. 0.032763
36. 0.025304
37. 0.022546
38. 0.021171
39. 0.034545
40. 0.021694
41. 0.030001
42. 0.025428
43. 0.024724
44. 0.020957
45. 0.033474
46. 0.03105
47. 0.014685
48. 0.035189
49. 0.040612
50. 0.028801
51. 0.031031
52. 0.02614
53. 0.032685
54. 0.03687
55. 0.043651
56. 0.027599
57. 0.042068
58. 0.020209
59. 0.030977
60. 0.02637
61. 0.034381
62. 0.029418
63. 0.025864
64. 0.031181
65. 0.022017
66. 0.029722
67. 0.045862
68. 0.039633
69. 0.028119
70. 0.022022
71. 0.039257
72. 0.021683
73. 0.02957
74. 0.026552
75. 0.032061
76. 0.023394
77. 0.022859
78. 0.045688
79. 0.027523
80. 0.023972
81. 0.047519
82. 0.032233
83. 0.028043
84. 0.022767
85. 0.022427
86. 0.050814
87. 0.039519
88. 0.021928
89. 0.037299
90. 0.043476
91. 0.034065
92. 0.025009
93. 0.04287
94. 0.042599
95. 0.036018
96. 0.03027
97. 0.049001
98. 0.040774
99. 0.037234
100. 0.024308
