1. 4.11772
2. 4.09867
3. 3.94085
4. 3.89878
5. 3.95538
6. 3.79317
7. 3.7979
8. 3.93218
9. 4.01364
10. 4.12767
11. 3.92178
12. 3.93405
13. 3.85204
14. 3.80136
15. 4.1906
16. 4.01461
17. 3.8253
18. 4.12771
19. 4.18455
20. 4.24583
21. 4.05845
22. 3.84436
23. 3.82388
24. 3.70721
25. 3.87113
26. 3.98187
27. 3.96721
28. 4.10253
29. 3.59708
30. 3.9985
31. 3.86125
32. 3.96244
33. 4.45909
34. 4.12788
35. 3.99452
36. 3.95275
37. 3.82081
38. 3.99279
39. 4.0447
40. 4.12179
41. 3.9037
42. 4.41026
43. 3.82927
44. 3.60991
45. 3.95445
46. 3.68279
47. 3.74509
48. 3.96594
49. 3.94203
50. 3.99354
51. 3.92519
52. 3.94927
53. 3.81149
54. 3.65701
55. 3.87959
56. 3.83164
57. 3.75202
58. 3.85435
59. 4.25582
60. 4.03156
61. 3.7487
62. 3.6604
63. 4.08606
64. 3.84464
65. 3.87187
66. 3.88663
67. 3.74276
68. 3.83341
69. 4.00081
70. 3.54361
71. 3.88264
72. 3.88004
73. 4.06119
74. 3.75389
75. 3.88091
76. 4.04205
77. 4.22097
78. 3.72891
79. 3.67106
80. 3.99507
81. 4.03129
82. 4.02373
83. 4.03629
84. 4.32105
85. 3.73227
86. 3.63512
87. 3.744
88. 4.17579
89. 3.86314
90. 3.79709
91. 3.61237
92. 3.90071
93. 3.62519
94. 3.95786
95. 4.12747
96. 3.70885
97. 4.08455
98. 3.87155
99. 3.94139
100. 4.09835
