1. 0.457534
2. 0.452155
3. 0.341056
4. 0.472275
5. 0.338448
6. 0.406102
7. 0.350684
8. 0.41901
9. 0.404981
10. 0.404415
11. 0.348998
12. 0.329672
13. 0.3968
14. 0.378608
15. 0.310203
16. 0.286826
17. 0.368952
18. 0.382183
19. 0.396777
20. 0.454759
21. 0.450401
22. 0.433497
23. 0.365101
24. 0.426974
25. 0.408144
26. 0.385119
27. 0.316545
28. 0.273285
29. 0.330049
30. 0.506641
31. 0.360683
32. 0.424876
33. 0.331899
34. 0.358915
35. 0.319601
36. 0.35971
37. 0.404336
38. 0.364151
39. 0.351405
40. 0.325594
41. 0.378894
42. 0.322235
43. 0.41695
44. 0.382228
45. 0.448058
46. 0.418882
47. 0.478233
48. 0.35671
49. 0.385509
50. 0.365611
51. 0.378617
52. 0.346349
53. 0.437347
54. 0.394514
55. 0.4849
56. 0.356596
57. 0.353318
58. 0.358017
59. 0.411948
60. 0.313294
61. 0.395732
62. 0.290399
63. 0.326201
64. 0.376575
65. 0.328402
66. 0.394393
67. 0.449307
68. 0.345306
69. 0.370635
70. 0.316734
71. 0.501827
72. 0.37143
73. 0.357712
74. 0.366004
75. 0.336908
76. 0.393912
77. 0.368756
78. 0.354815
79. 0.301348
80. 0.325828
81. 0.530846
82. 0.341694
83. 0.372377
84. 0.337178
85. 0.32145
86. 0.367217
87. 0.312535
88. 0.379253
89. 0.370643
90. 0.395667
91. 0.412895
92. 0.449261
93. 0.34759
94. 0.277893
95. 0.38414
96. 0.433403
97. 0.378774
98. 0.345078
99. 0.370342
100. 0.396749
