1. 0.204451
2. 0.135533
3. 0.189902
4. 0.173261
5. 0.247166
6. 0.253014
7. 0.210771
8. 0.182905
9. 0.182479
10. 0.177768
11. 0.203651
12. 0.16951
13. 0.203255
14. 0.186415
15. 0.21245
16. 0.184608
17. 0.142824
18. 0.194316
19. 0.166061
20. 0.142013
21. 0.157492
22. 0.183388
23. 0.176071
24. 0.218624
25. 0.180273
26. 0.150345
27. 0.23225
28. 0.222368
29. 0.165989
30. 0.191052
31. 0.136497
32. 0.143824
33. 0.177547
34. 0.146124
35. 0.182692
36. 0.214366
37. 0.194458
38. 0.156595
39. 0.255076
40. 0.27615
41. 0.162397
42. 0.200206
43. 0.169681
44. 0.199289
45. 0.158862
46. 0.16822
47. 0.146891
48. 0.147502
49. 0.213692
50. 0.19401
51. 0.179805
52. 0.155075
53. 0.164211
54. 0.203899
55. 0.177474
56. 0.1901
57. 0.125004
58. 0.146653
59. 0.167053
60. 0.206264
61. 0.21469
62. 0.140351
63. 0.200104
64. 0.164563
65. 0.127531
66. 0.220079
67. 0.19206
68. 0.179382
69. 0.209944
70. 0.192109
71. 0.145971
72. 0.172525
73. 0.20551
74. 0.189635
75. 0.224891
76. 0.188345
77. 0.185677
78. 0.215542
79. 0.161899
80. 0.188237
81. 0.172994
82. 0.15864
83. 0.145308
84. 0.134282
85. 0.236477
86. 0.160157
87. 0.224355
88. 0.190301
89. 0.148185
90. 0.113959
91. 0.178052
92. 0.180435
93. 0.205853
94. 0.179298
95. 0.130976
96. 0.132253
97. 0.20249
98. 0.181407
99. 0.265403
100. 0.17388
