1. 2.08805
2. 2.10469
3. 2.25429
4. 1.99798
5. 2.1912
6. 2.29946
7. 1.97601
8. 2.04384
9. 2.03773
10. 1.74844
11. 1.79587
12. 2.08995
13. 2.18312
14. 1.94529
15. 1.78788
16. 1.74214
17. 1.86184
18. 1.72992
19. 1.92937
20. 2.02413
21. 2.10131
22. 2.04837
23. 1.9264
24. 2.03393
25. 2.00641
26. 2.1197
27. 1.84283
28. 2.22942
29. 1.82445
30. 2.16908
31. 1.85132
32. 2.06801
33. 1.91052
34. 1.81831
35. 1.91453
36. 1.90779
37. 1.74963
38. 2.0551
39. 1.87383
40. 2.00959
41. 1.92387
42. 2.13532
43. 1.86849
44. 1.98198
45. 1.91205
46. 2.08914
47. 1.91071
48. 1.89614
49. 2.04392
50. 2.01891
51. 1.98977
52. 2.00295
53. 1.9255
54. 1.96263
55. 1.93242
56. 2.03408
57. 1.93448
58. 1.85922
59. 2.08247
60. 1.81177
61. 2.00324
62. 1.82235
63. 1.85204
64. 2.00549
65. 2.06343
66. 2.07745
67. 1.94876
68. 1.95873
69. 1.81196
70. 2.36699
71. 1.88388
72. 1.96439
73. 1.9966
74. 1.89158
75. 1.81619
76. 2.02424
77. 1.97265
78. 2.0416
79. 2.02619
80. 1.87244
81. 1.73451
82. 1.94218
83. 1.95394
84. 1.8285
85. 1.77897
86. 2.11387
87. 1.99096
88. 1.89356
89. 1.75868
90. 2.02934
91. 1.97246
92. 1.90293
93. 2.02816
94. 1.86447
95. 2.0133
96. 1.79894
97. 1.81836
98. 2.06552
99. 1.83891
100. 2.29047
