1. 0.297113
2. 0.296309
3. 0.296605
4. 0.297501
5. 0.29895
6. 0.297314
7. 0.297352
8. 0.296661
9. 0.296716
10. 0.306804
11. 0.298474
12. 0.297712
13. 0.30155
14. 0.295981
15. 0.297713
16. 0.298571
17. 0.297914
18. 0.297692
19. 0.295895
20. 0.297074
21. 0.297865
22. 0.29737
23. 0.297672
24. 0.2962
25. 0.29662
26. 0.296862
27. 0.297141
28. 0.298139
29. 0.296303
30. 0.296417
31. 0.29655
32. 0.29871
33. 0.30291
34. 0.29812
35. 0.296663
36. 0.296009
37. 0.296929
38. 0.297541
39. 0.296595
40. 0.29782
41. 0.29601
42. 0.297269
43. 0.297561
44. 0.298413
45. 0.298091
46. 0.295964
47. 0.296668
48. 0.297265
49. 0.298886
50. 0.297472
51. 0.298698
52. 0.296368
53. 0.296421
54. 0.299386
55. 0.297354
56. 0.296704
57. 0.296694
58. 0.29628
59. 0.297146
60. 0.298683
61. 0.29808
62. 0.297528
63. 0.296195
64. 0.296583
65. 0.300396
66. 0.297063
67. 0.296586
68. 0.295808
69. 0.296498
70. 0.297064
71. 0.297646
72. 0.30235
73. 0.297709
74. 0.296489
75. 0.296285
76. 0.297863
77. 0.297208
78. 0.296578
79. 0.296462
80. 0.296048
81. 0.297126
82. 0.297248
83. 0.296682
84. 0.297193
85. 0.29608
86. 0.297743
87. 0.300254
88. 0.297168
89. 0.297957
90. 0.296115
91. 0.296193
92. 0.296831
93. 0.297119
94. 0.297075
95. 0.297546
96. 0.296386
97. 0.2966
98. 0.29998
99. 0.297208
100. 0.298331
