1. 3.97486
2. 3.95202
3. 3.98797
4. 3.96741
5. 4.00642
6. 3.97714
7. 3.97323
8. 3.95872
9. 3.98383
10. 3.93795
11. 3.95077
12. 3.95811
13. 3.97752
14. 3.96486
15. 3.93698
16. 3.98113
17. 3.98307
18. 3.979
19. 3.96055
20. 3.9657
21. 3.95624
22. 3.94701
23. 3.97567
24. 3.96003
25. 3.96816
26. 3.97435
27. 3.97391
28. 3.95831
29. 3.95098
30. 3.96909
31. 3.94617
32. 3.96137
33. 3.96468
34. 3.97968
35. 3.96231
36. 3.97301
37. 3.97759
38. 3.94387
39. 3.96766
40. 3.95446
41. 3.96838
42. 3.95826
43. 3.95391
44. 3.96009
45. 3.9521
46. 3.94641
47. 3.95815
48. 3.95453
49. 3.95858
50. 4.00561
51. 3.95795
52. 3.99443
53. 3.95145
54. 3.99001
55. 3.96229
56. 3.99415
57. 3.98196
58. 3.95477
59. 4.08101
60. 3.98737
61. 3.97795
62. 3.97396
63. 3.9556
64. 3.96821
65. 3.98171
66. 3.99699
67. 3.96335
68. 3.94758
69. 3.98269
70. 3.95905
71. 3.95201
72. 3.98084
73. 3.93954
74. 3.96541
75. 3.96335
76. 3.97534
77. 3.94685
78. 3.95521
79. 3.96514
80. 3.96402
81. 3.94216
82. 3.99492
83. 3.9724
84. 3.97593
85. 3.98079
86. 3.98757
87. 3.94629
88. 3.95409
89. 3.94117
90. 3.99143
91. 3.9579
92. 3.94619
93. 3.97152
94. 3.95032
95. 3.96703
96. 4.00789
97. 3.9619
98. 3.95478
99. 3.94407
100. 3.98464
