1. 0.04067
2. 0.040103
3. 0.038953
4. 0.039538
5. 0.039909
6. 0.039823
7. 0.039272
8. 0.041148
9. 0.03938
10. 0.040236
11. 0.039713
12. 0.039811
13. 0.040485
14. 0.040274
15. 0.039093
16. 0.04051
17. 0.040038
18. 0.039654
19. 0.039458
20. 0.039141
21. 0.040315
22. 0.040872
23. 0.039999
24. 0.039699
25. 0.039868
26. 0.040189
27. 0.039914
28. 0.040528
29. 0.039671
30. 0.039833
31. 0.040275
32. 0.039874
33. 0.039559
34. 0.039311
35. 0.040421
36. 0.039607
37. 0.039907
38. 0.040659
39. 0.050904
40. 0.040355
41. 0.04011
42. 0.040339
43. 0.039448
44. 0.040443
45. 0.039105
46. 0.039603
47. 0.040338
48. 0.039749
49. 0.039634
50. 0.03907
51. 0.039404
52. 0.040015
53. 0.040717
54. 0.039924
55. 0.039445
56. 0.039725
57. 0.039666
58. 0.039816
59. 0.03981
60. 0.040172
61. 0.039538
62. 0.040035
63. 0.03981
64. 0.040218
65. 0.039567
66. 0.039459
67. 0.040421
68. 0.040463
69. 0.03995
70. 0.039703
71. 0.039722
72. 0.040042
73. 0.039904
74. 0.040102
75. 0.039884
76. 0.039499
77. 0.039014
78. 0.040045
79. 0.039762
80. 0.039797
81. 0.039676
82. 0.040732
83. 0.040292
84. 0.038538
85. 0.039809
86. 0.039343
87. 0.039671
88. 0.039908
89. 0.040324
90. 0.039833
91. 0.039962
92. 0.040061
93. 0.040216
94. 0.039178
95. 0.040153
96. 0.040038
97. 0.039616
98. 0.039382
99. 0.040477
100. 0.039667
