1. 0.987785
2. 0.987762
3. 0.990933
4. 0.995701
5. 0.990343
6. 0.987418
7. 0.987046
8. 0.988609
9. 0.992085
10. 0.99004
11. 0.99923
12. 0.984453
13. 0.982276
14. 0.983198
15. 0.983533
16. 0.984121
17. 0.980027
18. 0.984795
19. 0.976312
20. 0.984822
21. 0.992896
22. 0.989175
23. 0.984877
24. 0.984582
25. 0.983686
26. 0.985431
27. 0.983991
28. 0.98486
29. 0.982996
30. 0.989464
31. 0.988241
32. 0.991156
33. 0.988445
34. 0.988158
35. 0.990863
36. 0.986553
37. 0.9864
38. 0.988942
39. 0.976986
40. 0.988786
41. 0.974662
42. 0.984233
43. 0.981743
44. 0.989615
45. 0.98985
46. 0.984249
47. 0.990394
48. 0.989242
49. 0.987699
50. 0.988572
51. 0.990544
52. 0.983642
53. 0.97703
54. 0.986874
55. 0.994372
56. 0.981954
57. 0.982943
58. 0.983545
59. 0.990972
60. 0.984786
61. 0.989099
62. 0.992838
63. 0.987796
64. 0.992087
65. 0.99895
66. 0.995124
67. 0.995157
68. 0.984669
69. 0.985857
70. 0.994875
71. 0.9862
72. 0.98902
73. 0.98609
74. 0.986954
75. 0.977044
76. 0.987315
77. 0.980927
78. 0.998879
79. 0.983007
80. 0.981662
81. 0.990886
82. 0.983289
83. 0.995626
84. 0.990874
85. 0.98905
86. 0.976124
87. 0.979873
88. 0.992065
89. 0.983306
90. 0.985417
91. 0.980896
92. 0.988568
93. 0.986742
94. 0.991572
95. 0.993023
96. 0.994324
97. 0.980016
98. 0.989126
99. 0.98967
100. 0.991189
