1. 0.142969
2. 0.140945
3. 0.14138
4. 0.141119
5. 0.097884
6. 0.095201
7. 0.098955
8. 0.095533
9. 0.094065
10. 0.141046
11. 0.090156
12. 0.094758
13. 0.104603
14. 0.096604
15. 0.097956
16. 0.096876
17. 0.141063
18. 0.100715
19. 0.161174
20. 0.097552
21. 0.099336
22. 0.151913
23. 0.103007
24. 0.094245
25. 0.09926
26. 0.098802
27. 0.096903
28. 0.096526
29. 0.095667
30. 0.143544
31. 0.101188
32. 0.098883
33. 0.141876
34. 0.097827
35. 0.095792
36. 0.094922
37. 0.103024
38. 0.140811
39. 0.141829
40. 0.098411
41. 0.093353
42. 0.14189
43. 0.094228
44. 0.140697
45. 0.101134
46. 0.14074
47. 0.096093
48. 0.097288
49. 0.093644
50. 0.093208
51. 0.098064
52. 0.093549
53. 0.09335
54. 0.09845
55. 0.096055
56. 0.096143
57. 0.141273
58. 0.141555
59. 0.097086
60. 0.141628
61. 0.09873
62. 0.097143
63. 0.098236
64. 0.0942
65. 0.095317
66. 0.142029
67. 0.14158
68. 0.140938
69. 0.094146
70. 0.140875
71. 0.095877
72. 0.093133
73. 0.096714
74. 0.095014
75. 0.098458
76. 0.099766
77. 0.095083
78. 0.098501
79. 0.096435
80. 0.140759
81. 0.093914
82. 0.142473
83. 0.142228
84. 0.094822
85. 0.097315
86. 0.096114
87. 0.099172
88. 0.098933
89. 0.095023
90. 0.101769
91. 0.143717
92. 0.09426
93. 0.096372
94. 0.094222
95. 0.096894
96. 0.09766
97. 0.096687
98. 0.09986
99. 0.096373
100. 0.141977
